4968
981
4056
1718
4334
4857
7006
5667
1202
6527
2990
1272
7311
7139
5058
4975
3511
7821
5301
6554
3136
2923
4552
4765
1646
863
4554
5201
1392
7101
5389
3923
4990
6652
6719
6366
4656
2878
2747
1883
7508
6351
5378
5876
3761
7512
988
5361
2678
4152
4649
4887
5666
2284
5945
7801
4010
7543
7134
2425
4933
3224
7160
3502
4110
6585
4140
2294
2656
7770
3223
6501
3306
6764
1726
6936
7287
6406
6017
4603
5589
4594
5432
2043
6901
5221
6213
6344
6498
7217
7030
4686
2194
6597
6468
5443
7347
2615
6043
4124
2825
5918
3369
3645
7335
5234
982
3268
3827
3298
1863
4392
3856
3578
4347
3734
3790
3825
5865
4370
3867
3701
4963
5309
2446
7491
5675
3290
4756
1051
1261
3595
3924
4840
2997
6989
4307
7180
3999
5710
6542
2375
3721
7496
4669
2830
4323
4768
3145
6388
6233
3837
2804
5649
5939
5150
3210
1397
1398
5031
2335
2442
5680
5121
4645
2267
7753
5343
4644
7613
6881
5541
2278
6111
5345
4426
549
1115
4060
5193
5792
2417
5554
2569
4992
3983
7560
6610
4525
2212
810
6434
4688
3808
5084
4208
2500
4329
1714
6261
6362
5136
7456
3516
4342
3266
3972
5852
7390
5950
1253
4847
5740
6809
7457
7591
7622
5760
6988
5341
4926
3117
4797
6664
6457
6555
7889
2350
1966
6969
4517
1321
2823
2046
1191
5515
3004
6631
6544
4708
7418
4075
6667
6081
4637
4733
2762
4270
1690
6300
4037
3492
3624
3499
3232
2721
7146
7959
1328
6819
3713
6620
6790
6584
3506
702
3453
7462
4706
4571
6799
4012
2034
6133
7579
7116
2667
6219
1556
7671
3065
5358
4366
1120
5801
2794
6853
6153
5076
5226
4389
1693
1941
4505
6813
3233
4314
3036
5656
7387
6147
6156
5231
5877
4401
4732
2457
3126
6766
7380
6875
6391
3482
6336
3060
2288
6624
6005
6966
3217
1878
6322
2654
1637
6646
5523
5503
3119
3793
7710
4441
5057
5884
3365
4718
2016
3498
4754
5065
6314
7301
2030
6380
6840
5779
3925
5863
5762
3067
4376
2129
6945
2671
3898
5078
3501
6938
4463
3216
5359
3387
7699
2802
7168
4516
6196
6318
1781
6978
6340
2504
4989
7886
5280
6754
4129
6795
6164
2362
4987
6995
5210
2692
1968
7240
3675
4646
3936
7175
4237
4486
1252
3388
6832
6077
2757
2672
4514
2697
5156
7798
7192
5833
7824
5670
3033
5308
3003
4719
3305
1135
5430
3523
1558
2727
7513
6567
7601
5207
6013
2827
5681
4635
2890
4174
4974
6240
6294
2797
3571
2022
7740
4829
7854
7199
4625
7647
6591
998
3150
4558
5934
2487
3852
4330
6109
5278
1534
1186
3435
7461
4465
5468
7447
5787
510
3940
5223
3513
1648
1125
1564
5601
2300
4843
5369
5953
6363
5053
3532
3076
3651
3105
5936
5155
2338
5571
4822
4734
3034
6556
2045
5298
6447
2812
7751
2879
2891
6720
5906
2884
3108
1768
1060
3154
6674
7690
7002
4277
7655
5965
1802
1856
3566
2848
6883
3965
5580
7678
1487
6160
4499
3128
4286
6964
6768
4211
3853
7573
6275
3423
4912
6191
3257
5451
6068
1694
6389
6222
7742
7617
7616
1719
7140
703
6277
6770
4908
3622
5873
6165
1326
7588
7212
7737
2122
6097
6903
2447
5266
4274
4214
4260
1769
6128
6863
4065
7497
7245
7607
1067
1619
6657
5574
2301
4980
4312
6475
5499
3634
4242
3116
4209
3941
3184
6252
5243
5857
4599
6249
1868
3354
6050
4138
4362
6096
4359
5510
4720
6577
7161
3762
5930
2358
3786
7561
7332
6651
3041
3833
1334
658
3300
7553
6933
6980
2976
7365
6433
7427
1565
926
2296
6432
1800
2648
2427
4289
4002
4265
2966
3438
5419
6232
2573
7241
3975
6785
7450
1790
1715
6463
4437
2424
6898
6118
6952
2337
867
930
5457
6324
7887
3480
4436
4920
5145
1189
4576
4586
2098
7327
4433
6445
5654
4587
4483
4305
6486
2965
6455
1626
4531
6367
3935
6484
7291
4341
6781
5169
546
3234
864
2971
2664
6662
4358
2954
4336
4038
7436
7354
6151
4282
3375
3417
4632
3288
1343
7362
6698
5364
3301
2013
4568
3226
7166
7468
4332
5678
2531
6905
4308
804
5864
2371
6357
6580
1877
6274
4151
5575
1470
4780
2283
6767
6087
2526
6731
6311
3054
6756
6190
7366
1860
6899
7631
2820
6852
4984
1875
6828
1464
3661
7828
6513
4377
2109
2984
5006
1772
4626
6765
1623
2686
7056
6091
7566
7320
3699
6472
5439
1855
3377
6127
2875
7228
5624
4593
2510
2919
6079
3778
6737
2209
4803
7091
3991
4176
3221
4103
6297
4620
1258
7253
2133
5131
2724
6808
3535
3456
5435
6461
2969
7325
4934
7075
2698
4993
4280
7321
6885
3857
2691
3770
2103
6589
6532
3978
2805
6740
7865
4981
3672
7069
4318
2207
7065
6027
4141
2597
3424
3180
4836
4724
1043
3771
2198
708
607
7661
1479
7520
6599
3911
5512
4137
6385
2428
6896
7206
7452
6801
1643
7340
7247
6602
7746
3050
6654
5793
3625
7733
4802
3648
5306
1275
7716
1553
3570
2112
5600
7389
6410
2957
1954
6163
5310
4042
5929
