5775
3296
1493
6396
7780
5614
2035
6181
3702
2688
4373
3524
2980
5688
6303
3844
5467
5969
4650
4776
2831
5756
3206
6234
6116
1620
6496
4335
6178
6356
3275
7820
3854
1866
4890
1776
3447
1628
2518
4299
2908
3488
6811
6054
1047
3187
5988
2029
2251
7162
5215
5692
3340
2998
3367
7636
4113
4970
6341
1554
7130
3874
6094
5488
6689
4969
5790
5837
7580
6623
3709
7605
3215
6018
3974
7371
3716
6480
1786
700
7350
6798
701
1801
3192
5706
6186
5535
5516
5042
4630
7564
3804
6184
1203
5112
5519
1335
2767
6757
5137
6011
6632
2588
7329
4604
555
6349
3779
2842
6778
5268
3870
3429
3420
1947
4665
3153
6250
4369
3287
4553
3834
7127
7910
7227
6991
7294
4222
2014
3445
4556
4439
7934
7662
4498
7432
4903
7174
4936
4219
2302
3907
7081
2847
4821
6427
4386
6369
2502
6078
6251
5912
1486
3649
4221
5691
1881
2025
2449
6508
5764
1560
4068
5496
4666
2819
7493
3044
4823
4715
4898
4170
5312
3848
5001
4701
3860
3389
4729
3222
3349
6216
7417
5386
2293
4711
3412
4919
3621
2183
6284
6582
4652
6706
1388
3932
3631
2356
6120
1934
7665
5276
3418
3109
4978
1049
6033
2771
7211
4660
3573
3371
7051
7705
4255
3967
6199
4494
7754
1691
4867
7233
1254
6713
4058
1699
6158
4425
7723
6123
6941
4863
3558
7397
3202
7147
5162
3908
5114
5766
7460
4911
4907
1960
7758
7774
5287
7421
4123
3303
7109
2291
4497
7119
7310
4365
5071
2746
6850
3855
1119
4453
7099
2373
4862
2535
2770
2119
4402
6516
5736
7251
4798
6301
1133
4181
5871
2429
6675
5581
4647
3057
7428
2606
5662
2210
4192
5118
7870
7449
4171
6016
3843
7254
2881
3277
5998
3495
5534
5958
7641
4986
814
3106
2264
4382
6188
5410
5990
2669
5206
3809
2093
6587
3143
1414
5339
2096
6154
1804
5774
4627
3714
4360
4259
3208
5611
4675
7691
980
6575
6412
1046
7100
5755
3431
3555
5046
5115
707
4659
2260
3267
7489
2988
3589
3384
3987
4468
4790
4858
6897
4991
4789
3985
4445
4815
3703
4467
861
4588
5147
2589
6319
5768
5910
6212
4346
6640
4563
1963
1611
4809
6046
6865
6471
3493
5542
6108
3692
6656
7058
5746
5690
6408
6211
1849
5658
6497
1194
6666
865
6818
2844
6197
6648
4533
5109
7735
2886
4657
2347
3671
6913
7888
4902
5963
7651
7593
3979
6409
1127
7606
4241
6488
7853
6940
5664
7708
2566
4598
5521
2616
3732
6428
5712
3877
6509
3294
4758
3056
4909
3830
5198
7917
3639
7552
4130
547
4281
4982
4537
5159
7031
1420
2981
5885
4869
6856
1796
7300
4885
3295
4864
6593
3337
7741
7194
2355
4182
4826
7729
2979
4457
1638
4871
7583
7445
2336
3759
6530
6206
2204
2649
6528
6317
2733
1874
2044
3728
3760
6987
7862
4434
2894
5780
6106
5660
6012
6965
6970
4298
6868
1180
6313
4046
4345
3597
2600
3497
6986
6425
5120
5273
4268
2453
7442
7011
5003
7198
7825
6622
3927
2126
4194
4515
5994
4374
4979
6586
1788
1249
4580
6469
7632
5293
3030
6848
2290
7200
4375
2275
6113
2365
4697
2357
5855
1805
7072
7676
6342
4188
2838
3348
4398
7118
3073
6864
5230
7398
3228
2992
2049
2105
2916
6195
5708
4204
5426
7769
5931
4654
7144
992
6947
5798
5381
7777
5304
3505
5152
4008
1483
6560
3586
7149
5970
2505
601
4067
3193
7184
6299
2211
6323
3437
6730
6130
6568
1465
2413
3077
6724
4671
5428
4489
5498
7090
7041
3181
4035
548
7408
5337
7524
4449
2986
6699
3190
6187
3449
6478
5501
2195
7183
3776
5164
5011
4169
6179
6628
5620
3913
7357
5777
2433
4722
2764
7892
1204
4177
6485
3529
6696
5377
3553
3433
3969
7057
7102
1545
2922
5036
7155
5653
4390
7912
1645
4066
5671
6718
3657
7108
1266
7750
650
3483
7668
3309
3518
6547
4639
6684
4900
5452
6230
2421
3491
3521
754
1255
5851
4925
5446
7145
2583
3272
4641
7744
1467
2345
3260
2815
3996
6721
6360
4303
1198
5544
6238
3135
7696
4602
1332
4846
6916
3478
6174
4442
7796
6395
2903
3360
4714
7023
4582
2218
3723
3515
3314
5380
3708
3055
7378
6783
6451
5518
1117
1137
3225
7117
4519
2693
1206
1780
2605
3698
3122
6569
2568
5942
3832
1635
6494
7643
3930
7046
4564
920
4448
5130
2120
7385
1316
4431
6287
2506
5214
7510
7232
3148
1053
2917
7558
5134
3304
2450
6152
1945
5757
7597
6743
3993
5004
4461
7083
2800
2420
1876
7395
3152
1567
6025
2171
6382
2898
6289
1867
1471
5208
2571
5240
4325
6545
3654
7555
5862
3421
5995
4215
2113
3439
4538
7657
7435
931
3981
6802
7424
2513
5967
3650
4832
7372
5313
6145
7098
7466
2102
1614
2968
3894
5582
3847
1052
6717
7032
2620
5886
1961
5459
6308
1130
1952
3510
7584
2719
6999
1402
5546
6144
6203
4753
2270
3201
3575
1406
6150
7363
7050
7368
2052
3695
5525
5821
7176
3693
4459
2116
5414
7590
4800
1612
6747
1702
4999
7467
7178
3784
