648
1370
1250
177
830
1725
1618
601
1391
730
605
650
948
365
165
1199
1741
1349
1722
256
212
1505
1367
245
1623
1398
1175
964
1496
621
1238
581
171
1148
1493
662
955
1389
32
555
739
592
819
418
670
93
1747
1422
939
541
1196
190
932
664
390
1007
131
894
1009
1279
450
1414
458
461
129
895
886
492
491
608
332
968
654
281
296
1463
259
1724
316
49
1460
715
680
1502
1011
922
1327
1159
1584
497
799
1688
1446
880
1358
1042
1465
446
1454
1552
1186
1726
257
244
46
752
123
372
1536
1283
996
1206
1729
833
979
470
1489
1048
1065
1713
1155
26
831
1613
1047
1044
729
834
428
1360
87
1365
1440
512
1122
761
579
185
954
1200
1619
1565
115
356
1104
1672
1028
7
547
324
23
457
741
891
870
746
1015
941
743
1742
1439
1063
750
389
522
1243
1342
1581
687
864
688
1060
771
1115
749
122
343
1300
1569
1073
1372
92
1333
107
227
1746
29
124
1332
769
24
1748
1449
515
1479
584
1393
1406
1351
76
946
9
611
351
97
417
188
1116
1254
38
1443
871
678
1509
1457
391
860
520
348
1717
