28693
29280
177
9123
5403
26139
17167
21280
25236
21293
8636
2165
18024
29448
31367
15024
29318
31334
15279
18947
18716
9503
29354
9030
20824
16833
9292
16199
3165
20140
6235
17669
3261
24681
17091
31859
32420
12956
31001
24104
33804
23491
31563
4197
22897
6308
14446
33026
13154
4808
5358
17751
32586
17347
25946
8273
23536
12480
16082
24630
27562
33767
29299
24145
15878
28280
6259
33801
6467
21377
13902
2427
8330
25102
14145
24204
19449
24872
33715
20361
12122
3031
32063
29032
27545
5461
30862
5896
10958
30815
2322
17193
32259
29604
29415
16945
11880
12474
26291
34348
15718
30665
24576
28579
20671
27710
30894
9274
14961
6392
27146
12705
29462
11387
4182
13454
29990
16478
7045
31157
17949
29419
33658
9142
6064
4142
18228
24040
20861
4663
9741
15813
25666
25576
29867
8463
19562
3515
33623
29677
34224
18727
4672
18543
30525
30742
24413
33826
16472
23964
20525
10555
25370
31791
1889
27159
28080
29769
9706
10533
19490
26225
28854
30161
23813
20290
33301
26082
32176
3773
1273
15049
27277
11607
23407
29329
23657
29983
24157
27975
15684
20462
12092
21121
22860
22970
8517
4961
17623
32486
8723
10259
10494
23076
33210
17248
18574
15780
26211
28031
32414
14918
12798
19887
12835
7110
14651
5444
31429
29821
34225
8951
20048
26088
21573
31049
24799
17443
12672
33136
28358
4227
25299
6145
11812
5176
8234
34209
22213
26690
31371
22253
13650
34314
24282
34152
16817
32129
6975
6840
20537
28993
32855
19733
18739
13598
27264
11001
33818
19208
21647
15861
12333
28922
27759
11084
18857
31246
16902
31235
29539
19925
336
24428
9729
19610
31746
15032
2931
21528
27184
28309
21097
11930
31784
27154
28717
11050
29323
34135
24176
9145
22068
26955
24918
6373
15255
12261
17283
1046
1831
5902
26862
67
30231
31856
6878
8486
15702
26275
4090
1837
32009
28174
2430
26866
19089
33276
19495
2313
30522
6440
13044
11392
16799
9466
24473
13527
19423
22186
9051
18257
30319
29578
11983
5160
25142
10354
5094
238
32118
30036
24692
32690
11046
32622
19441
4378
1859
11139
33482
5553
11251
19104
20674
28661
20130
7783
14068
15839
17708
19469
32364
721
26697
29222
33527
26954
14600
33199
21457
8902
14160
28862
30923
2400
29584
15513
25977
23704
7016
23393
5922
20873
23195
15502
12671
31437
4215
16643
30163
23225
22176
15167
14072
28293
2428
31072
23411
23005
32775
27169
30304
31471
31631
7851
33475
33868
25158
11261
20215
20277
12192
25234
31703
5414
23917
19538
21652
16440
29736
5897
7380
26780
27085
28368
28032
11394
33488
5151
33717
19528
7807
23896
28758
6124
34073
29659
16234
13115
32844
12238
19129
29505
16043
30564
26156
10687
19525
12892
24405
17358
17620
2180
31053
3118
24700
15727
28800
26292
23869
19318
17362
4075
11692
9648
33987
25581
30184
13678
14091
31605
20188
29878
26283
25638
25593
30550
19110
26367
3160
20619
25444
16345
8018
13301
22295
24625
25252
19955
5448
26999
13684
25707
25189
6261
9124
14136
22950
32818
20354
28869
13924
14984
6629
13713
26319
29920
26810
34146
26336
15853
24955
15949
30637
13953
13267
18863
24049
13732
32886
17932
3086
16283
23879
7880
11680
21601
3883
19241
11007
2325
10818
32546
34120
9201
12236
15103
14161
803
1235
16858
27228
20214
19153
27054
14096
12024
6007
6091
17313
27121
18539
28320
18076
30944
16403
26960
31549
25537
24539
30214
34349
7607
30839
21250
18696
5910
7456
26438
33497
5384
11857
19602
27098
27880
34284
19702
25793
28916
31442
9457
16350
7730
23482
16509
22148
23427
6285
5906
14060
2277
32415
22025
2680
86
20870
18890
16639
13248
30645
20322
28484
14903
33805
4183
17930
16455
2908
7571
31601
3778
7259
28677
2918
6610
26759
3669
17666
10186
18242
19693
19253
24511
9611
19738
16280
8892
32030
32004
16645
9933
20193
29108
12735
13612
18910
13585
27961
5400
28208
23529
32245
17968
14528
3150
8984
12136
1454
6313
30668
24711
62
24871
22829
5569
25632
8649
29694
30810
16956
22319
31445
1900
9572
6358
24039
30879
16203
23550
33799
22882
23282
23026
4779
19342
23818
4188
6628
13547
13366
32344
7237
7381
33931
7018
16407
20449
10756
14439
11980
12977
14964
3733
7856
33983
2395
29496
30634
9121
10063
6914
12229
4988
24713
22493
22774
9006
4683
32744
1608
22524
23989
26271
16337
31030
8487
25097
26027
6109
5854
22611
9247
28912
3621
1437
26236
14464
6898
22596
22872
16382
18205
10497
5529
28405
5091
19087
31122
16261
214
30877
18203
18514
8043
33557
34344
20748
27998
20265
13894
33423
20176
15909
996
22321
24855
4706
8532
32144
10812
20555
27590
6138
14168
11856
1709
18096
27266
24278
4148
13849
4913
18953
6611
32257
18694
7340
21683
14249
17441
11771
24981
16955
27253
32633
29027
29267
362
93
18233
33088
21698
23543
29177
17522
10204
16958
121
21619
17135
791
12433
10272
22635
13105
34119
6827
16938
34176
12666
26100
24553
8276
32397
16066
33010
33743
21620
4837
25010
11818
30423
23717
19539
24094
13097
9646
10221
19873
29759
5234
22282
14323
8498
2319
28512
7124
17049
29425
32511
10061
16398
31953
7039
31029
33824
29894
19306
19268
6681
30876
18646
16030
22346
3268
25207
15056
853
15158
19009
8901
23366
27109
183
28003
13389
13070
17716
7234
175
24116
6936
19510
872
29964
10346
21281
8339
13109
28918
33306
2785
9887
22549
27392
23627
16303
3200
30199
16813
26763
14601
1790
24434
7967
709
18050
4132
31925
9591
7716
14789
30990
20765
6991
13053
16196
14886
11065
28077
20594
23672
22247
30593
34278
18475
9714
32800
9486
13898
25508
21159
22627
20218
13782
26943
1441
7100
14305
10940
32422
18950
9846
27429
27090
8915
31836
12073
19424
30128
27514
5374
23105
31530
14444
32589
26864
13441
34276
23742
19111
9749
26447
21861
7408
18868
25678
16655
13422
17546
10596
18115
28999
30215
17857
22443
10836
31690
17660
24804
7269
31506
5879
32618
19283
33189
22722
8518
20054
31220
14507
22230
21502
32225
21117
1525
10826
15102
32356
30279
10911
17781
26965
10463
16106
30273
10543
15944
6876
22248
8168
6963
4518
8928
16765
12528
10947
28451
21525
7552
31444
13971
10076
5535
18860
34020
10152
11020
20665
6282
18924
33004
21475
34171
14281
33098
1620
28234
13796
14901
24756
21790
14166
15762
27067
17029
10357
22621
7548
1246
2158
4540
30689
8453
28082
24806
9889
23639
6678
34297
20678
16087
30245
15373
27046
27658
20566
26215
6015
32142
27178
19409
13798
21622
13978
27616
27190
16556
16777
17064
20116
6598
17907
20842
4371
20744
10950
7836
13052
17259
28836
20570
17989
12995
12181
4924
16463
5472
8821
32784
28467
22547
6526
19606
23337
23177
30882
22654
14259
30724
29783
13595
34326
3041
12419
25751
32550
14540
3540
33574
4386
6281
14202
104
18590
6040
14733
28196
1720
9233
13836
33237
25556
27871
30395
16513
34072
23182
5388
28569
17480
6900
5109
22273
10532
24060
33961
18208
22257
11156
4878
11223
14299
28147
13212
7727
21851
14734
29399
9148
4906
11281
3073
20376
10230
26658
9941
14879
31500
26577
20441
1625
31658
14642
10057
5035
20374
10479
16925
8452
28988
17439
24370
21591
28226
30535
3561
17994
20174
28864
4232
7202
34183
14200
21007
4082
4875
19068
2286
20722
28795
34037
3981
18679
12184
8666
19235
31263
21221
2183
19322
22264
4816
15524
11213
14897
14665
27860
8459
28318
18531
28685
12759
18288
14489
25917
16482
16396
18779
10331
25451
21419
23492
24998
22113
32019
16240
9219
30966
24298
12234
710
28850
24220
28228
173
32185
26064
8505
22459
31632
280
18546
26213
17525
14681
22491
5017
5251
27086
23318
8871
33286
12465
9950
23569
28626
22397
10915
17870
9378
1584
694
28336
9192
13207
26051
5948
34228
31125
14384
22867
9020
12950
22702
19719
26735
8633
17384
22011
13884
30316
32671
24353
30326
967
26407
9850
15427
9227
9853
5729
20628
1728
12720
34208
15656
9265
25282
18875
10367
18650
7386
10123
29151
1467
9336
17323
21161
30508
1585
33469
28180
3699
2293
27274
20071
27899
4868
1884
32122
22925
34057
2901
6311
19436
27456
9087
11989
20939
6187
11706
29862
22129
18564
30613
11120
24007
24559
20634
4402
26615
24034
7734
22311
9919
19044
10566
5550
28553
25144
15544
28534
30469
23829
10122
22497
19730
33796
14925
30824
22132
25674
32334
27460
28895
17756
31452
25361
19379
20569
17009
19097
24787
25840
11614
5607
22198
20220
32312
25926
29060
9615
30988
4556
28021
24046
11006
15864
29875
9459
15127
23332
7428
6167
15289
33890
33013
33175
14765
24367
9548
5691
26345
30840
14578
5901
30153
19090
30259
28325
32455
18647
26538
20769
10704
20036
31056
25691
16068
24951
7812
16368
22890
8200
27760
8525
18124
24979
24730
16147
16193
11602
32950
5664
6258
12338
4234
22310
28119
1423
29597
7138
8350
15324
16084
24944
12361
34223
10828
16505
10271
8488
7575
3212
9226
26494
18087
8283
2318
25098
28282
16072
13291
4390
30557
30268
11141
25417
5532
30789
10469
7914
17616
19956
34277
33099
8638
28111
34320
15716
31241
26677
22788
11248
31908
21382
28356
24670
3627
24934
26574
5278
29621
8387
7562
1816
12560
3330
24960
19347
9562
1947
24766
10870
31556
31609
17263
30530
33120
33790
29389
33857
11669
12587
9084
11372
23327
16400
21116
5026
14295
10821
12686
22424
5673
25008
29731
21000
28592
31199
33281
16406
30552
33758
12799
27684
2406
10707
21013
7287
27233
20097
7590
27956
17822
2108
8124
28081
5807
7706
31287
34302
26617
5141
18906
22463
22996
12590
3487
22915
27633
9107
33027
22844
11600
8374
19382
15743
4982
8365
23900
17326
28315
10436
19512
1826
32348
31017
30144
15687
26170
27908
4626
17489
29211
3615
9492
21631
5380
13759
18560
20513
13824
30216
11828
14254
23581
16489
28305
32984
11938
21853
24253
15177
27878
14093
13709
4268
1682
14448
17172
17127
27682
14590
10690
16957
4253
3579
15473
23462
263
25495
16936
11596
6414
23743
24985
13686
30486
14675
25091
17371
13997
19330
31862
33039
6442
8781
31824
956
7098
23210
7879
17844
6060
17051
5853
28004
34203
27614
24571
33089
17296
17401
32228
20438
2198
8657
22745
2321
34247
23418
24198
5216
188
6155
5167
21246
30210
28175
18928
16681
3576
205
13209
16256
16481
22338
22563
20593
23792
342
33166
5559
24047
11116
8705
2224
28470
7744
31901
23078
9551
5186
26339
15869
16272
9559
26551
8779
21582
16904
30437
14693
16224
21860
19448
25519
3147
27645
7284
26711
29979
16841
24513
29567
14065
3313
14077
24403
31095
5501
26068
31037
8572
31298
32200
16169
9144
10887
33920
27745
12526
23242
21371
700
25424
5986
14539
24424
27868
6980
28852
11071
32158
28445
2769
18468
15725
9211
7266
25951
7029
24943
26552
14413
18282
22605
14219
24105
21413
24267
18198
22561
23298
18680
27275
18842
21666
27415
17540
23397
13660
29683
29872
22529
31766
31209
14435
11888
17717
684
13168
32858
14171
27082
11037
30650
29718
12222
22228
14929
11047
33205
25866
4106
7217
21936
6357
32831
28923
17962
17603
25833
8631
28278
25267
15772
7471
31973
1659
32629
32124
7662
24142
33244
18482
23355
14798
27902
32707
8118
32219
28024
8205
9356
27265
19219
14919
7835
13791
30027
28049
23960
14345
25454
23173
30576
4797
26219
25363
21292
31132
25999
7854
3308
21291
27950
2071
32073
17265
30672
5991
33909
31924
28071
14173
3091
20276
1858
23378
426
28312
33177
22542
29122
33315
19812
30705
16717
837
30177
31383
23955
33343
24505
5669
12974
10578
24702
26288
27293
24535
17609
15828
260
7145
17579
20341
14684
27218
17952
29554
6676
17807
5112
6147
26620
31297
26118
30094
24888
31483
29719
23307
26568
6094
21639
31015
21332
3536
19536
18594
12647
24477
21585
29383
21472
18682
24997
25259
23807
8225
30306
32162
25844
27490
33062
15605
20040
25961
19445
27811
20445
4401
3296
27675
2190
720
21950
16095
17013
30110
28338
34187
22852
25116
21792
30310
3590
24082
29847
11579
34299
23513
31036
6988
30237
13069
25974
17177
27491
32253
19946
19613
12038
24771
29817
25849
10823
2431
14250
20231
30867
14934
12463
989
24694
14954
25281
13337
4801
26182
13919
14129
9939
21810
15982
8840
28723
32954
4175
8619
28568
670
13438
12962
29767
32141
20564
12627
1814
6922
15658
10168
25853
34242
12002
19671
719
16052
12652
10718
9437
24937
21924
3724
17947
28395
14294
10806
9601
31951
28902
9633
29590
32710
33657
10166
19293
26778
31099
32504
2728
24769
14039
3917
28619
31454
16101
22602
4771
24086
3461
17951
11400
12942
23831
17592
30298
23175
16549
5903
184
20752
33774
23368
15023
10820
27291
13731
9582
27932
19430
18086
28597
19420
18674
2891
951
29398
26116
8898
14635
26411
31969
30624
27991
8722
4769
16104
3052
4791
5386
22863
23147
11805
29360
29257
32132
4174
15856
33734
6956
28942
24272
14531
12938
29386
9872
23617
20146
1602
24854
30078
32897
7711
20064
25788
22047
16130
9942
22926
7378
24549
26380
2422
13580
15977
29374
10253
19432
3126
20549
110
21364
20690
24816
26251
10439
22974
13467
5808
10562
30651
22214
2939
27728
11967
34001
12472
29076
10264
32263
855
31048
23762
9047
16153
33401
19581
16157
23011
23080
6671
19737
2314
10150
14521
33294
11947
21875
9213
11611
22483
15859
6831
20975
4580
21834
24709
18035
8817
25345
24148
13470
3542
3725
15943
16588
22586
10335
15981
33776
34174
14132
4588
21141
4871
10154
14177
16610
14822
26868
32376
5515
25441
9342
11237
5435
33588
5528
13017
13877
12039
22854
26153
18584
2362
21390
10097
32483
32232
16177
8507
26971
2335
11100
8362
32841
28951
22510
24044
707
16927
14174
16568
32351
27413
31827
357
7601
30908
847
9722
26444
26140
26425
27733
22955
13263
15494
26378
23892
5787
22274
6116
31890
32727
25551
2048
31884
14041
19918
18659
979
21274
5009
21777
21438
27408
6351
33365
28715
34112
17715
33014
24386
6397
20808
19429
13927
13636
30096
29376
18787
19127
3499
31078
4549
13036
12070
34047
27361
7427
28044
14428
22659
33974
20554
32951
8400
2107
13677
13950
15146
20122
20237
8026
27480
9934
32569
7630
12077
2714
21336
20739
32021
27726
21660
32330
3506
3149
9473
24251
25972
21091
20793
24969
27117
19549
11816
18231
33094
34024
6614
25630
25971
9433
26840
26395
26755
12196
20612
12276
26787
13516
18296
13018
15528
7443
15699
4968
33132
24427
3722
21574
2238
12467
21399
32684
5567
1228
22079
25238
4159
33083
7818
22523
21068
14933
20693
26830
7229
30452
17758
13907
10622
9701
10657
16875
7241
19951
5494
25235
26439
19216
19170
6344
32202
9424
24043
2232
22180
26262
882
2315
4835
23436
17800
12730
13700
21608
10777
19100
31295
22513
13047
30464
24196
23985
126
6848
18068
19120
16222
11792
7718
24749
25180
16011
23261
11044
21230
19548
23595
6602
28658
18692
11055
9026
19064
4759
25526
33426
9682
15629
4271
3535
6925
5503
2339
20247
19011
14641
10251
3912
20279
16695
30793
30895
15396
12660
16710
4131
33595
31538
11957
27418
3587
14134
13685
33990
3510
5275
20543
23109
29986
31343
9720
4151
5745
12626
32399
30688
28612
25728
6391
26417
29747
23477
31518
10115
20172
3028
21842
15525
34100
23294
10196
13972
12200
13792
5976
4245
9929
25004
21361
13251
18561
5113
10844
5483
20321
20133
28502
10658
22751
10819
31234
24946
8760
28375
6819
10725
30149
12714
18429
5253
28808
21410
28524
15776
31059
2332
25323
10918
5405
21036
22920
21236
5282
7135
28831
21403
19963
8510
17169
8577
2187
2167
32112
25536
22149
29159
9138
6597
25635
10392
31722
17640
23329
5536
24974
23250
28915
2729
23057
29742
13707
33159
31079
17534
30604
25400
27883
12352
2302
9000
34056
21512
21477
21225
5505
17808
9060
31919
32250
14447
30754
30874
32601
24133
379
19352
5133
31459
15963
34179
29760
32243
3705
18053
31293
11162
17889
18447
31310
12608
6355
16741
6389
23048
31473
6069
4947
8724
34130
29598
9623
25131
10882
16021
10090
26024
28099
23759
28307
861
23646
5761
13417
31913
12665
18633
27972
18665
29622
13948
24395
2909
5018
9101
13844
23090
9384
33221
17856
10135
25017
10116
24132
24319
34294
29656
34022
29926
30109
30516
31261
22580
28406
21059
857
17767
26712
16621
11942
12675
8971
32024
32244
31062
31411
17971
18653
15297
23056
18417
21641
8171
24258
18109
18524
13794
3148
33625
2707
31936
16852
25563
14803
24364
22059
21907
13745
25523
16963
6919
32714
8445
26682
33463
8890
23328
7040
30043
19720
32391
23866
22669
20249
7148
16575
5609
19852
17171
9076
15104
24642
16537
6457
31294
3600
10592
30755
22754
31965
5215
2757
32748
2191
8625
29707
21157
27815
13874
746
16225
9275
12150
32133
22353
30638
4826
30002
16897
5156
14138
3089
30926
8159
23530
8461
21951
449
32032
1899
31239
24952
23459
3643
26925
20689
30828
17526
27341
26582
33223
22896
27187
3190
26631
14058
22302
742
5539
31681
30971
14741
23119
25823
6638
28729
22332
18789
3033
32374
9726
33016
12484
28660
15850
13476
32965
29061
27620
14532
7288
24794
16476
27012
27608
7254
11811
21484
28531
24903
23730
6336
19476
33075
32173
5419
3842
21662
33263
33033
17075
26914
20676
20184
6260
10563
14000
23711
3783
13292
29512
33946
27198
29810
31331
12428
810
29854
20029
27441
29473
33627
2142
14746
32417
14433
31959
10376
8193
23204
6846
2173
31588
2240
31577
18731
18303
20070
28659
27663
8169
33745
15304
25160
17998
19835
27097
10489
9736
13930
25943
22430
32706
760
9019
24391
25175
9203
22467
23333
33219
3104
4202
33679
33730
25828
22110
10444
18702
5656
8593
10880
31162
7869
30357
12233
30646
5754
26762
10330
11562
22439
6045
27220
22354
32679
30940
21012
32188
24216
17547
11002
19155
29444
21764
20120
27502
30186
5687
34334
19366
8366
12634
26081
2743
22960
227
3567
21358
13258
10635
24329
28792
28670
2281
26073
20301
14797
16789
30592
29490
23995
14182
33787
5913
8752
5570
32878
26527
30670
10642
22115
2937
15773
2899
23732
31073
12281
27335
26564
19714
25151
15740
31256
20733
3082
17461
33520
7558
23151
14179
19878
22676
33705
17370
25831
8771
7618
30241
28727
32453
30238
5967
3539
984
25172
13312
29650
8659
12586
1882
26681
12326
10205
10380
20662
27229
33394
18841
32625
21077
28642
24697
29561
26498
32699
11729
29812
10261
27565
19993
28332
18783
32811
33280
1715
13812
960
28872
33338
25952
16089
13281
10414
31247
15454
11238
30361
16471
5195
22301
29589
11393
18578
26443
14644
21222
29850
30537
33543
4177
20468
3518
12708
22935
16620
14251
11871
25328
22695
3692
21042
18334
13451
14779
30249
24815
2731
22462
16010
17006
31071
14264
32298
1456
11127
7779
31023
13060
18153
24863
17859
12951
13659
4946
29054
30615
13936
4678
19447
23085
8409
7250
27383
18318
3485
32094
24680
25710
30164
28615
20520
19052
8739
19784
10318
11078
30717
12387
26716
20189
25955
8571
11426
16497
31521
30291
18440
8950
7447
6476
27091
22862
15215
25410
30080
2783
26950
4201
8143
20396
14543
13318
16339
9575
30925
20129
29857
19558
33185
14740
16402
28766
33646
33941
18746
18127
4940
23199
11083
4599
17082
31591
944
33996
22544
24066
20074
12878
23263
8336
7606
9704
16788
29346
34256
27252
13041
15832
19036
3903
26877
17399
18129
21433
30270
2210
31657
12845
21571
16811
33321
8927
18723
22763
18554
455
24024
29601
26768
16864
7341
812
24882
27305
32029
32443
6892
26317
422
22082
22949
9171
12228
22476
18521
31571
25905
22880
29261
3063
12611
29478
12310
26493
26546
389
26618
17055
9085
19205
22053
14724
21497
2176
11192
19761
23574
29143
18527
17040
13296
1458
18022
29530
30554
21224
23401
8460
14185
17568
28843
8940
9500
28731
23061
20251
13003
12853
18915
7338
32106
34011
29178
8703
11741
17474
12662
19108
17175
25900
29138
13307
19947
18435
16310
18624
6905
25659
27095
27947
13681
13553
10161
32810
17749
16263
7668
27892
15940
7634
9669
16412
25973
24149
18223
2205
16580
6262
29477
10749
33709
28015
8199
23198
4597
1578
6108
20779
24296
1189
12295
28410
18709
1680
7593
30946
24765
25599
11279
30412
21134
15036
19759
1562
29893
25245
19563
14867
18611
29535
30556
3757
12049
20657
31528
19201
2161
8864
7313
27556
17280
8032
17320
4984
33374
33442
13333
28814
22173
14178
32567
8767
21581
22726
26562
17698
22846
20343
17255
2786
7242
20890
15627
24226
22934
30263
29187
9890
33032
1565
20588
15532
4384
11799
31366
9445
11232
27897
28994
22076
25531
33233
17410
27731
34097
23075
10867
31723
33145
21468
12871
815
16705
14809
27563
28046
18268
27706
18792
26553
25867
22521
24658
28893
22308
33956
10741
25524
5292
7337
14005
28461
33716
12899
31328
32502
5871
21612
33119
17413
6489
28241
20700
28409
6028
10375
7170
18745
10301
23342
31250
16793
28383
29825
8999
24802
20661
26034
3057
10559
28013
31069
15065
29251
13601
23677
11013
22839
9273
14640
11975
6181
30179
15021
16315
4208
11672
6663
30222
12896
3077
31519
7168
5033
6533
17385
180
1675
7509
33650
14873
15902
17185
19093
30515
18855
2357
30192
22333
22337
24684
29225
17926
4166
24547
26510
1942
20306
7051
6349
25832
26882
13294
13804
22858
33464
28498
17880
26727
27694
3078
19857
12749
5904
22576
26052
33208
28966
79
29218
25476
27642
23238
23249
19969
19547
13373
1860
14900
6399
9861
17904
19970
20063
32424
3631
16742
13560
4809
27100
7042
26621
24318
4925
29158
14317
11052
18994
14524
30723
16628
19903
7151
18186
9061
21436
7958
6379
10081
27003
23340
12318
17816
30350
5700
30018
15351
21004
13406
26797
13832
27040
11187
22768
18444
34236
16228
29152
11822
3138
25347
25690
24940
10869
704
23953
9053
16680
6299
14881
12409
22055
18217
25166
26190
3342
20618
4226
31323
8802
437
23734
9607
4568
28252
15521
33454
28548
19641
11954
14268
28858
29381
29577
7477
15925
13456
12345
29050
14248
12786
8795
19174
16210
17530
20936
24334
11709
5121
27481
417
27681
3611
271
9153
27935
27743
25204
9967
11649
7710
15681
24213
12898
24161
32787
17636
1736
3493
4850
13929
4998
4754
9299
33604
14905
13146
17206
17154
32008
2276
22954
30963
33274
15870
18907
3624
1581
32081
16370
31155
8414
28399
7414
3154
18612
15884
5356
17369
3226
13521
21145
15371
27837
10429
14486
9583
17575
17619
6985
25561
5617
686
27968
10369
16413
33024
21275
25757
25179
9574
17805
20171
15433
18280
19065
22324
10873
4684
16487
16215
27872
22639
10087
2045
28146
20922
28564
13534
31555
3772
14816
19588
12083
16076
32111
23384
24440
15153
5022
12869
22808
1446
15083
23255
13492
12493
26730
19463
16647
21340
5255
23352
7480
21676
3184
12996
30708
30531
24360
31347
8785
24089
29494
25713
28110
17695
33133
14576
14736
20262
18386
27583
29814
12304
24844
21140
31185
17580
26992
33459
10139
25152
15084
30386
17624
1851
24099
27018
31172
9944
804
26984
17462
15626
20018
965
33884
1800
10214
5399
4552
19498
21693
19137
18644
20052
13964
25195
32626
17585
15231
31974
20638
29384
18317
19854
22737
12064
32471
5931
6510
15996
31201
18904
11023
25616
30394
14692
31213
9362
18104
15050
19058
1854
31270
22249
160
19590
9620
2412
9954
21383
32034
3267
10587
9122
27231
11201
186
16439
32163
28955
28894
6063
32957
19193
24465
28398
14056
25075
4960
15654
231
32072
17671
10094
32593
27820
12701
31579
28133
24375
14714
9671
3668
22516
29739
15178
16277
19365
16872
23069
18395
31917
2355
17373
12831
28118
19654
7658
26158
17990
997
29922
2194
28904
29518
5939
16075
28396
7998
26989
25600
3465
23081
6835
24722
27189
33702
16136
23821
10134
28291
33291
24803
29017
16779
1210
28747
4370
32161
21678
24083
5179
25851
31729
10082
25472
21324
15197
23380
16205
15723
34324
9011
18102
17436
31426
33560
3227
10074
17304
33746
6090
27207
34201
14149
19781
24782
27535
13051
3046
33530
18324
3483
6273
13736
13370
25355
33348
27204
27841
25740
29586
18008
14231
1693
16000
25036
23144
6058
1909
18388
16470
22710
33325
17866
24938
3178
15863
32393
28960
5838
11722
20854
25467
33953
8457
22151
13057
24113
32542
30950
18821
6146
15984
14823
14346
23996
19765
9685
3299
32291
17435
24560
32170
31091
14032
19336
27995
22041
7997
30848
27875
26246
23577
17606
12386
17242
3198
29755
27360
29660
21151
18305
23168
11695
9927
1722
7261
33418
34145
17374
9711
28884
16518
22820
7172
25582
28272
31416
27370
23516
25241
12757
20087
12606
30769
21284
12563
23897
32092
13194
22761
32338
8997
23259
29024
27450
23532
5686
27941
23478
18279
31881
17093
11419
7134
11730
23344
25712
6630
5790
12309
17966
7010
13638
28342
31707
17442
3142
17260
34125
2358
5885
12106
4649
23248
9347
16538
27572
18734
33798
27609
5155
3659
2350
28130
10774
29534
14768
21879
14475
3327
20392
12609
27306
12581
17840
30488
19389
29339
3687
19232
30826
29684
26119
28617
33490
17977
20021
32426
18048
1495
33147
24977
25620
12525
6297
4189
29545
12060
24076
11244
4857
31638
19578
32215
23480
9585
13883
13343
26492
30211
18740
18256
28713
16814
6230
30022
28254
29997
22856
11166
18356
21373
4374
27529
25270
20888
31181
4164
17070
33615
17896
10589
19586
17521
12559
29649
31896
9702
7394
27113
18471
19573
9263
6984
24915
17628
6462
26520
32634
21648
14155
14406
5552
14430
20398
24316
13703
28605
25181
20443
14081
28051
13468
19109
11587
14774
3509
7726
25504
21486
13310
31719
5454
30819
12915
24762
27900
15159
21735
33388
8155
3682
18416
19378
21085
26135
13409
29396
12321
27170
23358
7580
12949
26675
9432
25843
22733
19402
10211
195
11189
15250
8325
23305
14208
657
12308
23748
13915
27483
19351
20093
27550
12656
21914
14704
16818
16874
23541
15042
27513
15411
27541
31794
7050
26544
27236
23815
8805
8751
25573
28103
24087
8702
30494
24579
7210
16606
31543
23200
6380
7176
692
24259
24583
11041
12335
21100
31635
24643
19288
2414
25904
31674
11739
11197
31253
3467
18810
8755
26674
10065
3202
26523
12357
17065
12491
2878
17292
7475
7279
23797
4510
15628
14020
25456
14802
13633
19369
10846
31160
13447
10712
18876
7318
25586
22901
6673
19055
25506
3302
24227
9370
31332
16191
2262
33878
8904
27625
14313
27174
6677
18414
32190
29615
8620
15130
6305
24741
19682
13885
29095
23420
23882
32441
20560
22903
28384
32061
6911
15976
21111
28821
16464
29699
17479
17712
27330
22106
32938
17987
24961
13661
26924
14890
8491
29372
30188
170
16296
2243
11820
33882
26693
30511
24155
15641
26687
819
27729
18211
25810
29558
9391
19479
13976
8218
21215
6103
29068
19872
13840
3297
5135
6123
13881
3822
33999
34352
16803
8057
10140
27791
13401
12664
17325
29387
20982
7502
9012
10242
3520
17863
9499
7473
34346
17469
19615
12940
14668
34087
17975
28691
24668
25312
27630
17145
19411
3038
4368
22413
28985
14314
32949
14691
11823
30649
34042
8621
24023
404
6929
5254
1084
196
18196
26358
12317
15313
18801
29487
30399
28112
23671
17156
5319
23979
30451
33719
18541
13634
7777
22209
27248
20878
25266
6342
28161
17194
1777
20246
27763
23921
22884
32026
12126
9700
8969
28299
21110
24753
26155
4146
2425
29270
3980
6274
11132
32186
28561
18007
23768
6105
1532
32370
9739
9099
20682
32164
9081
33852
12405
5810
29009
29113
23178
15639
29141
26084
28480
24667
17773
9379
9504
6450
9344
3488
26948
27069
16916
6445
21114
10672
24414
2732
18550
34301
1690
20834
27937
33951
15253
18422
7540
29662
3045
3274
16176
23674
10201
26295
14720
11008
8248
24501
14443
19323
6859
7648
7953
21189
15252
30859
18555
21859
34293
681
29697
14272
5851
13654
718
22780
16449
339
10936
30979
23754
5506
28139
28341
20198
22801
12975
18743
21459
23032
19372
31137
5699
384
7166
6826
21922
15434
4412
21713
33187
24691
28401
9863
6018
15246
3574
8270
19595
10942
19996
15998
22818
14047
20234
14017
22095
6856
10876
17744
33660
24163
11160
30233
21027
16531
27221
5862
10460
28074
17375
10955
25262
20997
28830
29752
32988
22090
29795
11906
25242
20102
3491
23299
12021
27619
23511
9681
19577
27387
19162
18742
9093
19433
8197
27296
33651
17295
24279
31899
23579
25007
1833
8611
32469
18177
11824
7425
33689
16731
28859
2751
25478
17917
25558
9038
31284
31569
32673
17903
16357
18513
31133
22758
21988
28705
3303
28530
23596
23106
2764
2288
748
5629
12883
25264
4388
5527
19493
29191
23552
30347
33876
5479
22330
6427
14154
17622
8967
30957
27505
12800
32547
7481
28565
8813
31604
20136
5293
211
14460
17190
7528
25641
26878
25368
1428
29688
6061
23744
33424
29183
22505
179
30195
14871
22717
10793
6553
25024
22562
18506
21474
15721
4863
26812
24592
25051
33583
1872
13572
27246
18678
32362
28027
13148
18553
4823
3218
24231
25083
27587
23099
22769
29898
34147
14572
11169
34235
33248
33848
26594
3654
24731
22499
21960
28007
10598
2695
30066
19271
26898
25155
21980
11154
4400
30084
15481
15068
26459
9908
6340
13578
26112
27553
32865
27074
13916
19376
24723
21889
23129
8389
24400
8227
12476
10767
21460
27643
23637
23620
5932
7500
6095
3294
23556
21706
23059
13449
11986
32816
19098
15290
11635
30878
10716
18893
32324
34308
16162
33385
17061
17251
15208
25711
1940
23149
28645
1810
6309
31277
23765
32359
26684
18882
32815
19712
22120
13273
22520
34009
26953
27613
12089
26126
14009
4792
10769
14889
30203
29714
23848
25057
20953
10425
3511
18593
6059
29259
33440
31586
9631
16358
10838
15672
19771
27168
27909
25970
28379
6353
21001
8023
28213
13184
14973
24842
32303
27359
2722
7752
24153
24921
14955
26772
30365
5822
29400
25693
1580
16031
27594
9550
27626
25020
25628
23146
23139
18418
11916
3513
13016
27845
25804
32418
29233
17299
2923
1245
28490
6448
33101
6097
15642
7339
4366
5117
13375
13577
30194
12423
31547
20762
11746
28517
34124
29319
12932
3570
33184
24994
5655
8824
20865
27038
24812
33514
13551
19783
19692
8774
17228
1068
6658
26014
27870
26176
26181
23406
20065
7865
13461
31276
30466
18809
5159
27389
23515
13925
21488
26261
23272
30869
9734
33720
30185
12065
18974
2416
30737
7245
7537
11670
21165
19803
16860
29447
32668
29022
24030
8908
5771
14252
132
8213
12841
33902
33283
11926
85
22979
4620
33722
19971
20096
6685
28959
13667
19891
30000
27547
12120
29409
8959
33654
1607
12653
27217
24746
32734
12030
33935
29230
23614
31314
17867
20459
4564
14378
8368
33838
13822
29993
18306
29790
32789
7516
18146
22449
16257
7280
19223
15483
25786
17257
30954
24674
27786
16007
28364
29507
30072
10964
33533
31063
1253
15128
9753
9828
14978
30345
27105
33914
17815
23943
34263
22217
24458
22776
17860
13010
10666
15695
4393
23448
14612
34190
12127
23834
1087
8145
29347
31593
20536
30597
17688
13632
11145
9114
9027
17832
13096
6148
11936
19224
30403
22215
27131
29432
7092
25193
2292
2153
14418
8680
30619
23386
13648
31279
22968
33028
15833
18092
12678
32890
32805
19070
12206
15431
4766
15265
12731
19215
25928
4567
28557
18465
30035
17352
20358
30150
28920
31464
1154
21011
32386
12941
32361
17839
31135
17605
13508
5921
27670
20416
28087
6048
27969
16385
18822
16839
12430
26390
4617
28008
33511
28706
8567
24662
30629
15644
7043
21866
33495
10078
34080
14906
21366
20478
9543
22538
33827
11260
31476
11409
15455
30674
32708
18212
28294
30623
13926
10340
32612
30519
31537
26661
29246
18892
26976
29340
18333
22283
24323
11164
27519
16166
9360
11109
28270
10574
10399
22757
31111
18033
5027
17878
5893
30349
7048
5432
16792
18335
9643
2310
22741
25440
33691
12616
25123
13555
10424
32247
10902
23660
22787
17426
12179
30135
33823
11852
27070
12212
21817
9430
3965
12432
22135
28366
21319
7645
24390
6869
13217
32204
28163
17026
4866
13394
14066
21199
29966
22370
19304
27963
5265
5755
31757
21501
13214
18297
31485
29130
19158
1406
31990
21418
28159
20630
24136
33647
26054
9383
17381
17004
20667
28599
16986
32423
20642
25855
3316
705
14544
27045
15011
10471
21696
17350
18273
23632
16459
16715
6004
29336
30985
21607
1734
20985
16959
22665
6938
22531
13450
19313
17787
15968
26829
13149
13306
27649
32870
2907
24823
13074
21640
9237
33966
17249
7271
3214
33611
