3502
13
21557
29041
9401
20051
11205
32467
26796
26803
11617
32986
28403
28344
14048
22511
24277
4541
28765
9491
25118
7624
30871
3899
33154
21451
18597
13271
22452
29498
10855
30884
28138
27866
1922
11064
10273
18255
4753
23033
19204
9647
27838
29700
22667
4262
33898
25863
28905
29023
5207
13144
29998
8695
17611
18917
27666
2287
13350
31361
13688
4822
19182
12412
8310
13717
18114
18964
9843
13848
18379
24263
16921
18345
16255
17855
31883
31807
26754
25761
6160
22420
14053
7640
26363
17494
15732
29671
33755
11575
5439
26781
252
24661
32231
6398
16369
20315
9375
3322
15782
19626
21791
20728
6591
13165
677
438
25811
23547
31706
23725
11638
7276
8599
14550
25661
32599
17195
26232
21048
3594
33079
16672
4157
11182
24567
6250
2415
28473
7993
31080
16930
21023
13393
22245
12784
32838
23852
3821
1234
29606
30342
21998
16017
16214
29571
20993
27210
5604
15957
19078
16029
31792
12337
32075
13639
23112
28238
23781
209
18824
25852
20480
32743
13021
6029
973
16843
29284
18687
32373
34318
15209
20270
33980
26579
31245
24247
18410
13502
15967
15256
20755
32959
21636
7657
30242
7599
33389
27647
29203
32649
7041
19291
31952
27709
31418
14805
28882
4793
15958
23934
26978
32496
23155
8665
19392
25869
9031
18757
53
22388
18040
27133
18829
27925
20432
60
19018
24603
24001
7749
28606
20152
18293
13247
23218
17034
4120
17338
25480
6272
26571
4155
9224
27508
3304
9125
27363
33063
5158
21959
23799
11839
27522
24690
3276
33240
31634
21218
8583
31233
134
16780
5881
15953
18237
29186
16009
13407
10922
7740
18575
31773
2340
18470
6927
15376
32646
24984
15737
31796
32102
29873
29197
26964
11656
21188
22140
16167
32428
4578
15705
34168
7486
24383
22218
16608
8764
20287
17667
18046
20907
31512
26434
21664
929
10930
4909
7108
20282
14559
23445
8758
21178
15775
21593
10410
23190
19762
25138
15162
4172
23824
33862
19346
33106
14810
20534
16020
32002
12534
1531
2706
23871
33542
10720
28648
32286
7472
10643
31636
24241
31947
24406
30514
6158
10054
937
22017
13250
34199
25657
6871
29008
19261
25416
25824
19711
14456
19861
11788
13705
8850
12922
30453
23911
25738
6400
3793
27410
21424
11784
5690
3215
21379
4527
22943
27951
25592
26335
19075
21545
6041
17739
16735
7830
17144
24276
22062
32754
7130
19611
24585
27552
27337
34307
31171
34016
22470
14713
23597
26220
31358
25196
25871
8834
6830
22886
29301
24168
14186
26665
19646
8031
27336
28143
12973
16989
30476
7111
32367
31864
2721
10208
30809
29945
24819
5642
29673
24475
7877
10112
15173
24760
1873
24757
26192
31600
6042
11848
24493
8479
10316
3671
30280
26362
10237
23662
33191
4596
14722
6062
21093
16015
28126
31319
4657
15190
9578
26967
25650
19341
13458
7626
28675
25443
25808
15912
27457
1536
6279
6086
18298
21203
32780
18168
2156
19295
16873
22868
33493
24773
10612
18285
5468
21982
15556
30355
9048
33196
14965
22832
20797
13679
9599
24556
19282
20757
19207
30787
22850
17023
28506
7120
7503
8988
24041
28488
25084
32742
18927
9915
33930
21453
10202
13652
20023
26044
14728
8435
21701
16985
17626
28369
23633
20014
30351
16453
24363
6640
2770
11134
13216
22816
8377
27749
18570
19537
31906
25925
7806
14508
23702
22791
7302
15008
12288
29756
16771
25836
2181
31982
21099
29989
19338
15315
23471
12375
1662
32778
23615
13344
25541
18630
111
25800
21359
13364
14791
713
29619
26851
31875
1674
3185
10548
10058
18914
15151
12585
15712
14385
21124
16993
5865
19159
32248
9228
11743
32011
24520
22300
3544
23636
11642
33921
12414
11645
31364
18793
33328
4243
14911
17345
33567
15218
23945
29593
20558
7793
13563
10895
19705
25540
6843
26692
8438
21241
5371
9458
27053
32280
26011
20699
4256
19669
8993
34030
19195
4798
6032
31219
3353
3269
21462
15116
22094
16128
11194
11022
204
19893
25257
24036
12380
18384
17052
1931
13477
3054
9181
6277
13199
32510
31508
13474
9986
29397
13658
9955
27499
16019
20735
29909
8814
31989
8851
21795
27319
5194
8964
2152
29217
22983
32900
4515
1919
26484
11618
34269
2766
15186
33411
23377
24950
19157
31385
30492
17984
11543
13305
32145
11663
29551
10762
29961
20785
5987
22641
24738
17002
16552
32452
32549
31939
31531
18287
626
32506
16604
19911
25891
20289
32037
6056
14807
29528
19245
669
27008
23211
1417
30642
2246
14892
31540
8456
20288
18516
4532
24622
21684
13289
20006
5947
10588
31443
27308
17746
21193
15344
13264
25644
4125
28785
27257
9936
27226
1560
8468
12766
32281
14387
9880
6394
4194
17882
8114
23731
30962
8392
12969
25246
31880
16592
20161
11924
16653
17425
2239
13113
15717
6506
15200
29493
26023
24687
21478
20708
27019
14316
23217
11914
12618
5146
17031
18390
7159
24640
11937
31188
28456
14920
10713
27895
20236
15764
13535
27376
29519
15144
5640
5357
28886
18134
33675
28925
25724
5697
3195
28446
27388
14787
5643
22432
7534
7314
20972
32006
2917
22188
3228
5989
2209
22472
373
5307
33639
15679
29393
22093
33069
20505
6868
13944
20305
25898
3635
17653
8740
25310
16362
30472
17583
25053
25163
10472
31010
16760
23510
29276
8630
15817
22036
29682
25388
31163
10420
10944
23757
28730
1627
33461
16131
32160
5704
14487
3877
1290
8289
22966
12478
15228
27145
6672
33517
8937
29793
10067
8315
24456
5182
7969
14570
14839
13376
1196
15302
6606
26736
26129
24893
23313
16077
11829
12782
22479
14223
12311
16744
7814
2780
29470
15785
10801
30748
22048
7149
20917
32826
31814
26250
29368
9023
5872
16444
25588
22940
26619
33589
17791
32249
2756
32723
18670
24422
25125
11838
28331
17515
17073
33287
34200
15824
26782
27904
16886
33694
30997
6832
2932
6115
29391
24051
29310
16584
5741
18926
18838
21109
13435
3505
28783
22796
16102
613
12567
32000
30905
18069
10455
6590
31432
22765
3112
33406
8865
1686
1475
17281
27597
18325
10893
15523
15019
22893
7173
22697
18858
17685
17490
7467
31007
19934
3172
23160
31533
25350
17761
8946
30528
29006
24581
17010
28249
30123
14574
850
423
12334
23367
15092
22704
16394
6225
14891
27318
28267
28066
3735
29645
3589
16942
33849
19734
24035
12115
27719
7759
16452
28769
26012
11837
22032
25927
32675
26041
9966
19138
5120
16776
34021
28639
8025
28220
20825
30498
14442
31113
16387
33354
25989
21090
8714
30063
22294
14552
22277
12859
33538
22946
33663
14913
29018
15770
22755
14297
8305
14972
5873
56
29870
6183
31851
13275
425
30628
434
15769
7317
9959
21586
14319
31751
31286
18344
30872
34118
25385
12570
13651
18369
7248
15229
4595
12100
32308
5789
25774
10790
20894
20009
31479
27864
14382
21170
27369
28560
12788
7156
18010
10326
22724
8004
24728
18161
1695
20254
19917
25847
5290
20342
22162
29242
17719
13816
33056
25695
25988
17792
26593
23096
30275
4571
11862
28321
29001
8353
24013
33292
22246
16103
4638
16983
24102
29801
29963
18540
34319
2274
418
19053
33015
3080
31281
17159
20788
20679
26561
9415
9397
30652
25937
30442
25136
33924
8523
28829
13712
28328
17538
27516
8688
26600
13584
30125
20683
12416
25391
9002
30332
7543
31290
8157
23755
24425
23053
7490
26037
19427
6993
17331
116
1932
10167
27056
14764
21747
27983
7147
22422
14335
21767
21961
16
31785
25049
31602
29949
8038
7798
29314
3645
23169
28407
15842
30205
15149
29569
6154
24308
6940
27679
5554
28702
5162
12677
29822
16491
33307
32922
3032
27801
31663
9510
25513
16751
31958
7107
18370
17213
31695
22078
28483
26497
19202
11946
17015
25770
20792
29253
13185
13460
32839
20820
1414
26760
16660
22044
12210
12133
2720
28817
8713
9258
17449
1594
16622
32846
12088
18300
6328
22154
12287
9242
29891
28786
24682
9088
25002
20192
27267
15337
32572
30058
27173
22855
27130
15047
32879
20684
23525
8231
17861
27468
21251
33025
28917
22136
24218
31495
5661
29960
22210
32712
20546
26983
1476
11920
24433
23922
23588
31596
1651
4679
10748
19724
4377
22387
16859
31565
12451
10673
20232
14500
5895
8762
21761
5710
13687
23691
4376
15768
29015
28885
47
16346
31841
29655
14939
27300
15378
25414
19237
29258
24840
32488
7025
13398
21766
30029
6302
14647
25587
22242
7420
7647
13420
5169
31866
28463
21290
27918
21190
26286
26217
13550
22259
26828
26962
33751
10738
18568
7142
18615
21759
2280
8696
15237
33273
23562
10557
10965
32967
30823
33317
20353
20256
4088
8634
23643
19230
3784
20633
13523
33241
32425
1569
29977
10706
11707
16668
13951
14577
28535
28620
33043
5362
19601
29154
24648
10240
20723
7299
14436
24256
9691
6129
24830
7406
16915
33329
19005
30542
18307
31979
28964
16297
18572
30996
12167
18957
30885
10432
5815
90
18106
16971
27297
5262
31161
13295
3704
16828
6016
18989
12280
29906
16359
18112
3765
18579
3712
18894
19541
19806
17074
8591
18025
32657
29672
32436
32556
18449
7638
953
13594
25248
30945
19280
31000
5644
25996
30317
16460
27120
13091
370
31857
30224
26035
29939
13029
28145
30553
15886
32206
33135
6034
21564
28682
32069
11891
23881
26423
32907
24454
28298
14012
18312
49
5727
28211
6055
20533
32269
28845
21062
33209
17725
9417
15814
13940
17048
28952
33311
9416
12572
33786
18997
18491
31439
21727
15082
9684
18634
16737
21494
30167
17771
29326
19982
23968
24631
31929
19902
11674
26906
21987
763
18093
30738
26415
22269
7325
5320
25859
18361
17357
29899
11405
21503
28754
18460
32940
15966
29664
29328
3471
1555
17898
14588
17363
21458
29479
25114
19168
10298
30198
11966
17838
25935
28888
13201
33427
5369
18923
14131
16161
33992
20156
30093
17470
22555
16540
7410
22512
16757
8266
5725
19370
31783
22089
2204
15507
242
19657
9579
26869
5744
30853
27072
10670
6633
1583
32306
27823
378
28838
133
13316
33085
19779
20884
33735
16065
30842
27259
33575
12811
8261
20853
17346
32147
12469
28735
2211
30230
5013
12551
31790
194
30501
4876
29669
24781
18165
17278
33182
16381
22907
10750
20759
24020
25318
34191
427
24956
10093
19621
8604
32258
10404
23969
11688
29166
22403
13193
29762
7728
19191
23629
445
10798
10114
873
7510
25633
33770
31677
17414
20991
19124
2413
6839
18371
22363
32384
30579
28192
20648
27140
14322
1665
26397
19019
11280
21868
5769
29758
29635
22703
28958
17762
18852
19126
256
30917
15007
2349
8410
20741
26827
18811
22995
22778
33855
17471
22241
22609
7493
839
7646
4530
17005
20437
22227
27648
31944
20897
17618
24144
19620
27691
24031
11616
2301
28931
5291
28259
15514
27298
24807
9036
6541
25295
5981
33308
18436
21365
25720
31618
8211
9331
30461
5716
23838
20045
32532
1838
21681
15567
24595
29665
33460
14101
11110
8458
24288
17625
26452
9040
13141
23875
17899
13410
18019
31057
9935
25255
29616
29430
16829
13178
19242
2763
29788
27750
26472
34265
7770
12269
17933
26048
6470
987
24666
14788
21560
26921
7222
13993
25560
26572
33671
19679
8029
20154
3042
16514
23567
18156
28465
21034
31093
30999
7022
14042
10524
26775
4955
18128
6408
8301
4634
10971
17711
16006
17231
5023
19431
4784
33391
731
28464
22772
12166
25012
5105
19438
21022
34129
31599
30053
11043
19079
33936
17317
32165
30143
31269
26164
25596
261
2112
32703
14887
30921
20935
11923
1444
10932
31529
18337
33331
10599
6657
4915
28427
20010
33341
30130
5426
24514
6639
17395
30918
5811
14742
29914
17982
23728
34336
11724
19723
13415
26636
14348
33065
7609
10108
24156
13249
4804
30735
29877
3332
4173
32346
1418
7507
22494
21754
17092
6653
31264
19477
29632
18188
14819
7303
750
16252
17451
11118
6625
5733
14786
12219
5089
8738
21238
14648
8870
22022
5417
32832
8202
4099
17241
33000
33236
24748
25688
6120
27573
12213
5354
12780
30062
2933
14078
9446
7255
6047
30004
26009
16709
28363
14153
15001
21909
13428
1666
12913
31802
13402
21437
11787
20760
21567
14085
18290
6587
7461
26913
4767
10554
9377
10595
3788
32662
3661
20814
25801
23619
14128
22464
11093
24686
17900
23230
33429
1547
6149
25162
22866
27329
24899
136
22509
20823
658
8201
9922
24716
28772
8968
5206
4593
20881
18455
6667
2168
18973
23395
12195
3174
28537
9290
18685
5123
20830
25606
31709
30174
31608
18600
33539
13956
16023
24696
20603
27714
2911
31694
25663
17132
31914
22673
13859
6360
19472
11088
1855
34063
33981
27622
5032
24480
27096
25063
13353
14424
24378
29745
11813
30818
28224
18387
10106
3800
11978
20224
24705
13781
7994
10610
23729
28277
27725
21577
17267
28217
29196
30101
31997
27721
11184
20579
5630
29044
10645
27869
20629
19701
3171
20646
25106
31758
19819
29083
26109
33484
8358
453
8884
8500
20916
28828
14597
16967
22088
17138
32329
29255
23526
28136
28977
18748
4249
1897
8370
12051
14923
22617
25093
31972
30025
23440
21825
25805
27990
683
32575
2711
30526
73
11667
30496
33001
30260
19618
23039
19486
19410
26872
4385
30371
25490
23034
29813
12857
14285
25729
28846
22021
10939
21799
8441
9836
11883
7637
10435
3732
23123
31654
25358
1542
14699
6862
21240
14894
6994
269
18415
16404
16292
5706
8862
8215
33828
21771
29912
12225
30967
5994
15236
20495
25949
13642
17985
10962
25450
17097
11209
21887
22809
25130
14287
18373
26337
22534
14928
21962
7664
33417
15258
29962
4206
23542
2214
8319
220
5652
4261
28018
6641
32678
24269
11851
32666
12329
15558
28289
27839
15765
15971
12457
22977
10356
32912
25198
28711
20027
21883
7464
22411
21015
11233
18247
28205
12511
26720
26169
25760
9460
29799
12328
17149
29405
31251
34305
31482
13175
16504
32809
21674
26030
27993
4681
16525
29483
8361
18193
30695
19960
6649
28105
16893
12169
9636
15701
13400
24377
10910
3253
23375
32782
22810
10180
32177
29456
24679
20874
26990
11086
10127
3628
380
27161
20062
26977
8944
25437
27779
24858
27536
24954
17099
26731
32898
5568
18078
11258
8519
27163
13570
19277
32146
18849
24678
34034
7651
20778
34122
30897
756
31325
30480
24194
708
31268
23720
15631
4910
25228
8513
10901
3094
19632
13693
29273
29695
4948
28459
2433
30656
29975
30641
14013
29305
22752
27162
33037
29948
34338
22116
22251
32773
30893
17044
11239
26875
28199
25286
5350
23010
5520
14656
25479
33431
28034
7322
6436
13603
15860
12025
9699
7091
33815
23046
28454
25336
26026
4071
10946
30517
23905
29030
34160
13723
22592
30384
14137
7277
19042
7659
21572
16646
216
23538
30605
5681
12041
31224
23873
15602
454
13608
12568
16637
27849
3117
34309
31946
30321
21763
13975
28210
11973
11921
33029
29471
16354
20746
28733
31005
23463
31738
32507
12232
29480
20179
14581
24496
18479
8770
11737
2219
21265
6088
17342
32410
30369
8841
29905
13075
18625
16201
16667
11603
25423
23880
10778
13826
13348
3698
12778
3767
9867
30782
33198
20127
16708
28623
32573
10171
5941
11628
30912
13903
26785
26430
31014
27667
23912
8872
21128
31826
33978
12323
12919
13268
17393
16054
18962
29808
8269
27152
169
28533
4068
9371
28076
1925
33772
14021
17594
13058
18226
13556
661
21516
30758
34251
30178
14638
29063
24192
24048
32705
13418
21874
8886
31755
6932
28050
31068
32904
31395
21941
20687
22504
27421
24067
4387
16208
31193
32596
23890
16903
33260
24601
200
17674
17276
6683
15552
16876
18488
7787
7466
21531
8791
6981
13674
8003
15774
32726
22985
25349
11885
18443
3710
12226
3613
33858
23124
13158
5937
31189
15666
21583
25544
5645
15321
16732
829
10313
19900
30773
13939
22202
20183
13433
24742
7465
10344
32297
5907
26238
12555
21594
16353
6894
19544
32610
13282
11797
1934
34331
28214
12066
11397
25396
16375
6188
9487
21634
18180
15311
32595
15030
25315
16982
24580
18091
32041
20292
22347
31076
24689
26961
4167
20967
809
34221
1001
29157
32051
18942
19877
11735
14833
17730
12903
33104
8450
16633
29070
29917
4186
10448
30175
28168
32060
22653
14760
25982
31550
10164
25532
28093
17376
23253
13992
3685
25892
26028
13171
23429
26836
34033
27273
27322
16479
12729
10426
24529
29229
24354
33598
24616
12347
29636
26183
30654
28288
4190
13541
8274
1936
13610
23975
24460
7821
15841
27343
17782
28435
15161
969
22481
16962
21547
2278
21409
6886
13845
14157
31716
6156
30998
24822
9448
17315
23316
31898
16287
27603
30736
16940
24180
15441
30302
21435
33200
14099
24596
5806
927
33701
27576
10875
22119
816
17634
20415
19656
20278
10644
23389
10241
1063
4255
22668
26165
3072
28160
10262
3315
16851
17059
858
11870
26670
13696
20976
31166
24005
10743
16831
15421
17047
10482
30740
19444
12704
31956
29440
15075
23394
23676
10650
14338
26244
34162
12029
14735
33305
27249
22936
32790
15606
29907
29833
32022
8221
19212
21614
14591
10726
25652
22351
3137
22192
23047
22830
25034
17680
24455
27391
18937
31260
13399
29933
4689
13697
20345
20233
7702
1835
8765
3196
21133
15704
25779
33834
12902
23174
10244
28204
8198
12453
23156
34158
27635
19327
26245
28006
28667
1832
27200
360
7506
15706
16437
7955
1849
25950
14974
12425
14469
33067
20243
8895
9566
23041
22107
7531
11785
29382
27865
20840
14098
14267
14771
33155
13857
7912
31380
80
17445
15575
15110
3157
1432
17769
19850
19974
14859
19483
20640
29181
16024
31748
32749
25401
22681
10981
30261
32516
20675
1669
18762
6555
5396
14689
17433
17931
15898
19745
9485
7855
26648
29541
5971
21088
32010
23038
9695
27673
4628
19660
32276
1903
24983
17402
28014
25752
27660
2401
25818
23118
26468
29350
33886
7568
13011
26141
3801
14349
14548
33985
10348
15141
31074
253
15370
23062
30041
6636
2726
33444
17235
18157
30922
27946
6245
4658
11173
5455
28501
27917
26811
12522
29096
31335
20535
27600
14343
14449
21493
30481
15133
31584
6121
10397
11293
12343
23751
5038
20212
27066
19818
27024
9277
3093
6098
4666
6987
5269
26738
33038
29119
14667
3257
10676
12374
12810
25276
11945
9270
30572
11565
21008
14399
10919
15281
27821
23909
19147
346
11294
8799
27055
17024
5762
31834
33302
27016
32788
16774
26293
29716
28962
8753
5894
3188
7323
30272
10307
17422
9398
2694
33127
21876
30117
237
10695
795
27021
26628
4103
17999
20452
13629
25797
4807
23493
16286
32992
16329
24497
20941
21126
26761
18813
10697
14233
30655
22638
12087
20826
31288
12863
14583
33070
5615
15278
20893
4899
30937
27356
6854
31054
20901
31431
34078
26326
20095
28796
24095
23910
25031
11070
5874
14329
21885
16360
27534
21590
33502
33706
7348
16267
10992
27033
16651
27954
29851
20745
18751
14936
5914
32667
11819
32406
18585
32970
20692
15416
32255
21544
23131
33923
10072
14473
28177
25488
22445
15527
13104
614
4382
29007
30311
13593
29458
31211
20368
27427
19958
28628
5021
27537
11710
5466
26467
6312
2778
18558
29330
12161
26308
22612
16838
6166
5376
25484
6933
34032
17221
24162
15786
5402
6096
10581
33970
30187
4688
17111
21587
18122
11390
6992
25945
30875
30030
18958
6945
22365
31039
3905
3693
18190
32242
12997
17271
32402
22496
17745
5538
1604
29815
8843
31940
4191
32216
2055
22147
28739
7522
6459
7483
3128
17709
24068
456
6834
31976
24294
15545
15529
6388
10372
26880
27247
17359
21623
11773
5972
20293
26076
31888
20304
31151
17742
5103
10549
23634
30426
19886
21775
27570
34292
21384
4615
28057
31612
26090
1600
4584
11542
24538
29570
18350
16259
8991
31167
3293
14592
17837
29544
26879
33813
24478
5496
31799
8298
29644
16712
25947
28429
32585
23993
18948
6478
33061
15865
18281
30718
10751
33309
5572
14167
23621
32738
33093
32752
15758
25887
27394
11933
8217
14814
34018
17311
19358
3551
22350
8750
29715
29125
24935
23115
30026
682
21596
31208
25487
19694
27915
5611
2157
30533
13983
6483
23584
27280
9205
13390
17764
21515
23864
25815
13937
9332
26588
6252
32040
9731
23104
34239
14018
22033
15961
11069
19596
13465
10130
19416
16638
31198
21691
11300
25285
32115
20781
29182
31572
4184
19400
10904
28861
32101
17936
7750
14664
33392
16706
11252
16245
29749
14023
16808
31305
23270
4575
31379
14162
28576
32207
1455
223
23527
18798
12247
22898
26374
19674
19559
15872
26147
30099
26450
294
18183
29123
24875
23774
2245
24534
5147
22225
19471
21695
32454
21576
383
31759
33254
12806
30870
24342
18201
13048
13682
10523
21822
2921
28088
15085
34290
4740
31486
5136
27744
30540
12417
21369
8800
7424
34217
9595
17212
32735
18614
26280
13059
30854
29722
23322
19299
3175
10395
14148
19309
7094
19233
8932
24821
14383
28704
6038
18975
16966
9003
24064
26857
13412
12043
11858
8399
5163
26887
23937
8030
6023
30086
4812
3575
13946
19339
3711
25636
31410
1436
21978
12767
24590
14595
21270
19263
11700
19231
6665
3220
32701
10753
14158
32174
25497
28853
18967
22817
22100
32663
13253
25178
9015
28458
17650
30220
3331
24926
28591
23490
25132
12075
9703
14732
29189
18261
15060
26609
16736
32054
10656
13858
7308
9552
6674
9043
29012
7889
9353
5010
30107
4995
8323
34195
24710
12877
26110
3291
14683
18534
33080
23557
7227
27585
29038
7113
16156
8245
22692
13365
11896
13528
23808
13220
9319
17812
24965
14613
11827
3677
20694
12914
14598
21787
6306
34312
3500
3900
17737
4772
24957
4246
31868
27906
23568
27114
16578
31651
3583
23988
7008
2203
21354
3794
19858
32395
22795
3277
8351
13160
29889
27544
30028
10874
32400
1449
17929
27156
23524
34254
16097
21258
13328
17696
17334
30312
27262
12058
32372
10679
10339
28992
13498
25734
23575
14970
28940
24703
27110
29317
2164
18100
10235
17905
4676
32762
2696
5453
23339
20544
33479
5154
10187
18729
32491
4560
29142
11404
1870
33107
1730
24197
25924
13786
21902
20927
26801
30700
5126
31339
2392
21588
30283
21963
2405
14711
23666
22824
24476
1498
13372
30958
21421
1747
7150
23940
16689
17186
17252
19744
17240
34163
26343
30068
34252
8994
1894
5161
5788
30684
32972
13026
2679
29207
5276
15402
29800
30320
24859
5500
17499
18407
18741
24275
32903
14306
26899
32632
15459
12473
32877
2886
33911
31035
32552
6461
9625
9308
11211
3338
13507
2330
29269
34040
12316
20585
17272
19797
13912
13695
9366
3629
199
16877
20677
16486
3680
14277
4122
17420
22478
664
22010
6603
11987
10641
12340
28419
4838
1
28933
3216
3307
3642
15470
10851
1679
9065
28157
10361
15777
6422
5659
16503
32119
32059
16846
31273
20966
23372
16554
17324
13982
24446
17247
10745
2352
33732
4810
4919
13744
32728
24541
3558
33097
8451
18264
23688
18955
23234
5783
25736
1663
33204
19916
10700
15195
3156
25708
26047
25768
33907
24853
29637
29452
1426
733
26506
7573
31558
9385
8689
10736
34204
11996
2698
15951
8732
9390
11960
385
8515
12531
13039
15283
18784
31108
9200
7175
12032
24250
26650
29179
25624
6013
8934
8210
26399
33540
293
5574
21692
949
13746
4519
11594
17377
32148
33045
3833
23652
25584
22634
33778
25326
15710
13613
19393
11186
7532
26825
32948
3763
25052
6378
9321
26685
21392
17018
33707
30266
26086
23205
34060
33504
3742
22111
3652
26804
33664
9282
390
22384
18800
26287
3715
30067
17234
15550
23722
30771
24290
19185
7311
15264
28624
6882
29413
18673
18258
5370
13708
29304
33430
23681
3051
32287
4407
15565
11690
19599
11988
20604
33877
26699
19981
10972
30301
23719
22130
17872
29982
24999
9312
11993
25992
11422
11748
14998
17062
29744
23275
15390
6180
1926
10545
16301
6607
7158
6249
4901
20892
6011
34012
32481
34071
30772
14482
13025
23049
14943
32760
30728
16507
3129
16389
30513
16593
3721
19003
30264
7956
23822
2752
32761
32644
27814
25959
26700
23816
31373
13795
33362
12506
20600
8590
6939
19752
12155
19630
5153
5473
32555
6841
13055
20672
19368
28340
19256
17162
19384
13597
12776
29610
13808
15538
29306
22699
7097
10153
29441
25072
26067
9744
4394
23737
17226
3352
34243
9238
19276
13564
24187
13680
25290
14197
30010
27352
21653
14352
14767
12230
3266
10883
19700
30939
8146
32613
5222
33643
19718
15973
26891
18782
33973
32445
7772
18301
15129
15920
4815
28516
19574
16465
7351
14957
5424
747
20996
8288
20815
5543
2348
21654
31481
32768
32316
7273
25527
24052
2934
9688
31257
10280
13155
26706
19867
11094
31525
20932
22207
30953
30208
30181
7974
34070
6896
14050
32537
7419
26456
16892
8123
30131
5711
15364
13918
18862
20114
18556
8360
9329
29190
3081
26331
21198
12947
28496
866
9860
21194
32044
14632
22182
22802
17456
14513
17123
21872
32435
2193
32658
9351
19450
29737
2139
174
5982
9184
3300
18476
21335
8838
14461
23638
20160
20068
2303
5606
22117
12466
25580
15729
7979
7211
33228
29556
16571
32964
9930
34019
8711
28388
24302
31772
17593
9745
17354
25675
11380
20058
3746
9136
9938
18248
27927
13087
14256
20073
33466
15288
21153
5908
30315
25077
29533
2759
18090
5818
19643
4686
947
25517
15054
23788
25056
28755
29514
16848
30373
1282
3771
22327
16122
32770
14284
4389
2903
11420
22222
27486
4605
20716
30118
29300
3066
19023
24898
19985
23072
17355
14716
22842
23359
21847
21824
5387
24634
24776
27593
32179
5776
30122
14199
16748
6463
15210
6536
10842
29036
26180
16882
4938
34028
8226
2754
28283
30776
7421
3281
8747
5765
23239
24332
34273
25775
4124
9856
28520
4073
15598
10498
29555
22336
685
20849
29728
32050
23553
23162
30851
16726
21312
29724
7514
5095
18869
6998
31025
10388
2710
31131
5969
31628
6407
12732
33161
29449
10323
18605
15314
10075
20436
11152
2146
23472
23469
19057
24588
1731
15667
26207
14011
17207
13464
34083
16734
17873
2716
20284
13322
15838
33203
12090
15266
33151
14710
7768
7146
4952
21329
15568
4081
20960
21123
10371
429
29080
19651
23916
22160
24912
23284
16931
4991
31168
16171
32394
31763
17632
29784
32083
30722
5666
26799
26969
15755
33416
32080
5753
30699
18119
25669
12924
33726
14986
22684
28780
25662
4953
25382
22074
3691
31190
6642
25429
30159
27517
19026
33721
20399
20229
15784
6589
33621
32883
13583
3347
27353
28360
19386
31701
19348
33214
2684
16612
14243
8260
10406
24101
4894
30587
13959
33009
6917
20512
14757
28215
15733
14271
18965
20974
24310
32270
8766
10604
5264
26793
22570
33231
21467
8264
6001
24649
25044
19653
17608
3292
22315
24784
6319
23388
5777
17813
22200
33856
22819
13388
18067
17264
19294
13068
7581
13164
6675
19952
9286
2685
18606
21439
27243
4553
5880
5171
16326
5440
15648
9530
25134
28390
33110
15623
1732
26303
23455
12925
2163
16114
27994
1289
11592
1603
24508
6877
5379
33667
23186
5558
2411
5547
28070
5367
21551
27724
32224
26487
7219
22871
24900
32485
9596
30454
3872
3984
14753
12211
34296
29940
28819
22450
2294
5407
30827
15070
22666
3703
21050
26062
33242
5015
27238
21255
7721
6891
18413
21490
20128
27601
11167
16001
32930
33814
20318
1000
18980
20783
15917
1403
6283
28946
6052
7187
32175
12540
14971
358
32476
24718
14308
962
7761
28690
17258
3876
5797
1938
18499
22306
19133
14571
20298
2760
8378
23827
20503
25589
30191
31428
16951
18885
10337
10701
15025
25009
23408
13829
14462
9750
5511
34342
23756
22573
7028
366
15399
6320
2784
30502
17336
29611
19986
30563
10625
20718
19997
20519
22276
21965
6522
20615
16952
6847
20159
114
15175
24895
23548
30790
34192
21929
11373
25746
8925
3966
26901
19883
6552
15067
7185
14658
7459
27119
22143
19086
25885
25232
4691
27546
23767
11148
9323
20697
16456
21837
20032
28281
17950
3804
8651
6143
13900
9105
12033
21081
8516
28117
9278
23258
5200
2270
20910
17016
154
5488
22362
23084
4240
18304
24487
26454
21391
4624
5410
4395
15446
27368
15422
3462
6477
16204
19099
9617
30667
31203
28924
13037
6666
25615
16520
15348
4241
10101
20877
33071
30830
5846
30257
9395
17408
19881
29338
7751
5372
25223
10210
8612
10158
1591
10091
1904
7192
9635
3135
33163
18831
15029
2175
11081
14301
31843
33596
20475
20649
19831
32641
17424
26045
6908
31228
18925
22383
32914
3271
19503
4397
20613
28805
25969
31915
32698
8716
6406
26739
14947
29112
21038
30744
28466
29392
32198
12728
33896
28063
29614
31813
12911
16898
25703
20889
3781
3582
13500
25256
29879
10585
14526
32448
5495
22254
14290
7627
16623
24207
23642
5327
19045
21803
14589
8962
20332
16340
18968
33373
25341
15960
32978
18879
31349
18097
23845
21893
23370
5670
27017
15820
3048
15126
11697
29134
16602
23043
15189
31710
13334
15612
26151
33982
11113
32835
31292
17965
3290
24230
10531
11053
27078
11601
15980
31909
12248
32105
2697
4179
11163
17476
14872
34268
31221
8051
29256
6824
31174
15105
8216
24896
32736
15305
29268
17788
13262
17633
29579
5956
22061
10509
8149
16752
27419
30470
14754
3110
11637
26384
28068
26660
18159
19904
29404
15292
24868
31691
27683
28674
19912
24968
29433
14718
4661
31467
1648
13569
17819
26216
6089
7083
34106
33447
30003
16733
27828
25475
15563
7489
27952
22416
32681
20526
29461
6659
23502
6122
21122
15308
8153
5798
30503
32750
20355
24492
24268
26910
9740
5813
5130
13947
32239
27482
21534
17842
30614
3616
28510
29194
20426
19122
1918
24733
33696
5918
24388
34178
8701
16530
6162
28603
19832
27420
11910
11210
18603
21431
25027
28243
33932
14490
25956
16996
4141
11559
26212
9597
31307
10860
28343
11698
17938
26277
24849
26580
9743
25216
4978
18271
3892
16160
3039
28781
16794
22123
24518
25000
13562
33246
5936
10977
31427
3829
27102
31739
29834
21283
23268
16501
26905
24564
24772
21445
21130
31515
31487
27396
17961
26371
13889
24393
15118
12101
4514
7126
31800
27407
18136
998
5983
16371
13270
33130
22502
5353
31624
16125
15959
17332
12381
12353
26478
5361
24824
15970
7251
19177
5764
9234
17485
33118
34316
18932
5963
27891
4260
15826
5651
18888
22888
14808
23856
26513
32597
5887
3351
28060
17884
24988
1746
4829
19077
13213
26040
8136
31218
33390
31034
26919
34084
9014
32746
27271
27564
32380
17388
7848
15451
14864
2404
20639
13153
6863
9239
29641
3714
17613
3586
29294
33785
32792
2231
19002
8253
16984
25271
2186
22728
15320
33674
23805
17483
24109
20285
12099
9300
23570
29037
11560
14529
21955
34233
30518
25679
13338
27521
29978
11718
16944
18827
306
19799
10991
11734
3130
4512
17238
25466
20492
33547
12141
30335
16968
27278
13893
29025
25665
29777
2782
5429
18077
19051
17220
3602
14019
7429
26724
20749
21229
22052
9202
13952
27617
15117
15619
10572
8503
12142
1929
17520
15804
20829
9709
10159
8741
15291
12268
24971
28096
14698
28574
20286
6889
14141
34143
21730
10903
12354
27230
18145
28760
16716
25434
19179
27777
3593
26831
31776
29623
27081
674
27914
14004
31460
915
29390
19334
32434
19169
13457
5774
8081
7412
28508
15636
28976
7387
18903
9906
28712
13411
32477
21882
19171
1543
25539
20891
22178
10073
3809
20617
31811
25054
9190
23029
22395
5513
19501
9513
1221
15040
16627
10224
7189
20504
13081
16388
25839
26127
28361
3067
10593
5201
21147
28580
24441
2883
30813
20643
11779
16868
25896
20007
26733
22482
25342
24566
21287
22909
25884
25080
32017
7713
29627
17152
27717
14631
3124
18374
33125
3689
28664
6375
13272
18289
12331
7423
3914
29295
3632
33512
5578
31795
29275
30582
7617
26078
32388
26005
18347
2888
6030
23341
30380
8836
19742
28835
27355
25148
32365
27930
17382
7800
11939
16654
27179
32500
5955
4659
34253
23442
28453
23051
22575
13799
20586
26622
343
15386
20025
19753
28127
23496
3053
17237
19069
25239
27890
11825
19686
26298
15184
28256
26641
13702
32136
15223
17109
32229
14236
28551
10364
9355
25219
24430
4561
19824
19085
31581
29332
22566
10071
23431
33840
23706
30804
32873
13675
31717
12339
23600
9723
29651
24707
3700
4986
23707
7765
9947
419
9106
15972
17036
13222
21784
15979
4996
10859
12434
21005
33152
12461
32889
8161
21733
17641
27735
22320
29733
12163
18492
28083
27768
32774
6301
14189
31425
33638
9968
26003
20239
30246
33153
19466
30336
3694
21624
13320
7052
23949
16458
1729
21738
17201
27965
30807
1537
9389
8592
17041
25942
20775
8017
32696
28740
266
16642
4536
7013
25124
23986
9152
24301
31195
12842
2359
18147
31421
13043
4129
7379
11884
32767
18490
28048
32427
30749
26458
2700
30727
1538
11744
30883
14411
22514
27060
26848
31816
21471
9021
