32557
24011
25297
5312
27912
12909
13330
29791
23522
20149
5839
8147
21388
28178
5315
27813
17850
19607
15163
18464
7160
23028
16378
22212
13150
33395
21900
15230
24362
24636
25048
34237
4675
20377
8807
19623
22577
22270
22519
7398
20001
16759
33968
12456
10304
9126
30162
26902
21020
9070
32916
17243
33289
16686
28009
32296
4845
20413
4697
12670
16311
34186
25164
11582
18181
14921
14963
17197
28802
14625
10544
28855
30820
4864
7316
24885
23770
18220
10677
7096
1928
26863
33327
23919
19209
17256
11541
9630
25571
17786
23693
13002
26191
13510
34202
19029
18240
33114
20313
29443
21443
10132
9198
18495
10999
15594
11712
24037
29565
24528
23278
14007
17161
26723
17718
32349
11200
17498
6403
19668
12359
11723
32240
29818
24376
1921
33649
18286
5119
25789
24152
27933
28089
1743
25647
8013
16973
31312
7117
18796
20356
7965
25327
9264
33773
7152
8647
27715
25529
10710
21823
21056
23837
31226
18654
31217
31842
10807
8007
5257
10468
18310
25809
31747
12696
17103
4598
31243
1478
17909
3789
32290
22345
16609
31184
17021
264
23289
34270
25668
11124
8812
11089
18398
12085
12315
30137
4693
28970
17777
17979
6265
31937
32139
32461
18588
12513
23918
28610
21513
4101
32793
12580
7285
12489
14776
120
10113
29548
34121
236
3651
21964
9296
33632
11772
13195
18668
7402
29829
15359
8278
19617
26055
17421
9621
10083
13397
14089
32352
13208
7586
27028
32729
6531
26466
27041
17524
23545
4967
15573
15840
28365
3577
22806
20090
30402
4872
17536
10998
13414
15811
19542
24881
15203
33112
29238
21717
24274
27757
3634
33949
20515
25783
19203
11821
11004
5747
12107
18036
12725
28028
23135
17868
19324
3969
32210
5657
10813
18080
33523
22224
30457
1421
20494
1298
21148
9343
8906
33457
16142
22584
32819
10343
25864
24171
32143
26673
19301
27004
21744
24345
15715
16270
34082
4911
1713
34322
30975
2171
1267
30551
7240
33652
6608
10594
22489
25153
16307
21434
10839
30949
4990
3791
10735
32704
30899
19826
19275
33897
10389
16899
32300
33408
29303
13827
14184
22414
2050
19977
22849
28641
32607
25990
16414
8905
15106
28697
25261
24712
14614
25820
11742
33420
15595
388
30969
24338
6424
31769
10703
16091
990
25407
11019
31950
9291
31585
7494
34250
25340
17087
33084
26843
448
11119
33933
31603
19373
4687
30089
28114
5481
387
18931
20195
10788
16884
622
23001
29402
24851
13780
16392
27378
19457
1439
30482
16379
28581
33188
13668
27807
3186
8835
4744
12548
15536
18406
6912
189
21305
55
27240
2213
31191
28292
33529
32642
9326
28941
13403
26019
10928
4762
19614
3718
26845
19139
6157
8137
17765
32023
25993
24093
34140
27135
21021
26557
29244
7023
30868
14465
22174
33042
28064
8142
31158
9480
23544
25275
10685
34099
14770
13748
31818
735
25634
2057
9632
15221
30008
13646
18935
21441
7213
27472
2344
31724
10739
23791
29486
856
4695
30984
29132
30116
27751
12217
4989
32794
22633
6362
25682
29786
23501
13230
24468
13067
3565
6186
12081
23928
10941
16697
16825
24110
16004
28418
21677
18684
16441
18049
9289
1649
14712
1613
28425
10492
8088
17412
4959
17776
30104
6543
12187
415
4922
18450
30955
28844
25154
7174
33656
3897
8228
32763
12834
950
28102
22203
24924
23956
23229
19305
32981
33871
24744
22216
4121
24798
26107
26270
23421
18143
30657
14472
25306
24695
15781
4623
7136
7221
28815
12571
33833
26403
29881
11195
27464
4935
19262
25120
8529
21125
21539
11246
32203
22382
16842
33213
21074
9833
10321
3649
27328
10759
22498
19152
19866
13905
20952
9535
28079
7535
14029
29308
30618
20196
23653
34214
10833
7407
30324
25129
21820
7642
16910
26972
28722
30710
24838
21976
32251
28763
10234
13120
24029
24229
11969
11545
28787
13901
34036
24331
20860
3187
25278
9431
32091
17286
5116
9626
32868
17391
18349
5952
22322
25184
19518
9419
32525
10238
10143
1615
24208
29523
9140
19274
27703
23861
2438
14480
33005
26402
20491
24193
3062
14565
26406
17398
19106
10934
9536
938
22930
22944
25332
25258
15677
27050
15263
3670
28412
31101
20898
21306
14142
27176
28471
7294
4668
25298
23321
16254
12411
17766
10312
11612
34144
16649
6169
12964
2177
25795
25038
29309
30297
7585
21514
17429
27365
32433
18054
31546
34008
3260
31214
25677
27695
9196
10160
25461
21927
20835
9877
17261
16092
13162
26515
8706
29538
31999
28647
31084
18623
5866
11577
5973
27013
4242
24949
23141
28244
33965
32968
28734
25910
22712
7715
25913
5139
5187
28749
13896
11131
30719
30445
26966
16970
9368
15296
27896
5436
7883
25564
26366
29029
10768
25559
30418
6970
1850
23509
27654
13737
3479
24461
29500
8926
22709
9484
21954
6114
31047
25758
9037
28346
15401
23193
32282
15665
15099
13190
15347
26273
18254
8209
8056
3598
6518
29955
2705
15806
30213
25067
3764
28075
1687
32921
21785
22086
1217
6544
33059
17644
24381
28637
28514
19404
34351
12198
16907
6343
11555
29043
22008
22711
19264
19331
28870
20323
971
26310
26389
32517
33023
10988
33036
730
4652
25470
24933
23589
31100
23865
5217
4777
7989
3526
11895
9024
12286
16069
16317
7719
14334
31362
30314
17290
27062
22515
14221
6236
14804
14102
28106
33781
26083
23434
25041
15646
30141
20508
4259
31817
27255
17124
9208
31821
3176
8882
20448
7090
24340
7709
24106
29062
16045
16582
5625
32214
12435
24443
10752
18817
25247
11677
8408
8589
22543
14391
27644
9139
11401
23077
10349
22823
8575
12068
13227
3546
25744
15987
4997
29996
31535
1453
32357
2244
11807
13938
6494
13095
8849
27366
26429
31182
29202
29674
15012
1229
23154
15818
30797
29508
34180
22879
30446
17785
5273
20433
1064
31911
8907
2282
16285
11015
14586
29853
18094
23710
3056
32861
13442
2306
8788
22190
17694
9187
32274
20364
7178
14183
5090
32332
11609
32458
20417
18804
17477
15955
24355
18071
671
5942
30707
24800
17871
7541
21009
16096
30720
32412
5011
21150
1895
16436
16448
29364
12294
30309
19188
3206
4093
17446
16469
33319
15329
15779
11241
24660
18846
16979
33068
22465
28173
8290
18529
18843
7650
32156
28909
24554
26396
25406
222
12959
13558
17233
15361
9199
23872
31441
22288
11073
30289
31407
31377
13522
25464
24889
15201
13009
18764
30172
18269
18676
9438
6966
10990
8744
25899
32543
32656
12059
24976
33506
18522
8407
32638
15154
3803
21633
27345
21901
17755
3547
28329
18943
32350
28062
298
18707
33468
11944
19535
31735
5713
27141
693
25782
17035
21990
16028
17484
11953
28091
28826
12191
16953
25944
9174
15522
2902
21779
24491
6113
12920
20167
6009
4513
31004
23517
21297
4600
16746
17246
21540
26542
18006
19381
17643
3141
19480
7731
28929
15730
21309
27847
11058
22204
24209
22606
29552
2271
34092
12818
13302
11045
12750
5452
7831
6068
18861
29356
15566
31774
13611
28345
29559
18411
8036
30752
12050
29763
20403
2273
28120
1828
13183
6133
14030
24995
1880
22892
15124
8466
15174
3777
13999
29188
1933
12591
31941
27999
6880
29427
31451
1605
17310
33108
14043
29919
23812
4669
25317
34010
24685
24392
12764
6979
18088
2709
33891
21216
20115
14205
23966
32884
33874
22889
6931
21239
23067
25183
15412
12259
8522
21829
22035
15664
27712
5800
13092
31852
5228
23694
29562
28108
5364
15652
33170
13116
23338
5868
33582
27571
20882
27475
20721
33282
4653
18477
3199
6331
20955
8232
2290
10556
3584
2046
32854
13969
22434
17158
14896
1711
32025
24426
25413
12588
17795
20902
20920
2188
14217
9913
9489
27520
32514
29804
3878
9004
16648
2399
11653
31889
29520
32343
1857
13963
24845
29051
34098
22838
34126
8976
32038
18971
11222
33608
19199
32416
9260
1566
21344
6867
20055
6087
24235
14611
25296
27640
26476
26016
33986
21931
22993
28906
20225
19892
24397
28878
29708
17419
25042
30904
9350
26637
33820
1650
25060
27836
30108
28323
14553
24905
21422
4632
30428
25722
8141
16920
27624
18155
270
25062
5184
11951
16611
28611
1408
20126
8661
32577
28428
28230
5869
22663
31840
15753
10803
7876
32739
12833
26501
14451
19740
29442
25765
19073
4545
8464
16619
29087
26968
28567
6238
27528
31396
34108
17763
28518
33984
25352
33573
20944
22381
30873
9279
17168
29959
34198
19514
12174
13823
20078
26386
24980
7825
30087
4770
21930
32363
18251
28686
33096
15994
33945
14721
15207
32721
24243
33020
13425
24880
19597
19016
20253
21952
32801
14466
2935
24240
23326
9235
31394
29406
23977
6330
27437
26604
5451
23133
29129
27321
30734
31916
31177
27478
4135
18497
28374
29327
33841
3061
4647
33576
3719
26168
6417
11943
21807
15323
21840
4956
6626
10987
7547
451
23122
26226
21271
30616
21323
436
10615
11228
19220
24150
11168
26477
33369
11615
10575
20444
24420
15287
2436
14296
24755
13815
8395
16376
32003
6071
26842
23317
22548
33472
12507
25240
22236
29871
18547
10481
21657
21396
31874
31103
8889
4529
11595
26930
21509
9450
11180
18171
22232
26299
867
19260
20707
11391
27797
19102
33455
1593
7001
29227
10366
9017
13336
27936
5549
16187
29941
28245
22285
22405
26433
3319
27171
34023
5229
28423
19032
23208
24978
26883
28262
30024
25427
26066
17607
14567
12614
19439
17453
27196
32220
18469
30843
28683
18200
23018
26890
2141
14627
23809
29210
30059
14510
13758
21563
12427
21417
13727
3841
22109
15145
7850
26606
24575
24289
7216
28857
6885
23565
25764
30697
16226
27831
24656
28898
24783
33002
17995
10456
14326
26400
1840
7422
8798
30751
22361
18375
21176
17125
17923
29291
17826
4970
17273
29107
444
22938
18992
13332
13121
32235
25715
21555
30337
13789
17887
24729
22226
15891
16725
14546
13765
20011
32834
25199
25621
10266
22536
12165
4144
16349
20562
11955
7133
26115
25701
31672
23125
26257
7988
12840
26671
4604
10719
27325
14353
19470
3036
34177
1457
7253
9829
16692
8337
25790
34248
31153
10649
17077
10879
18359
19115
26248
15363
21179
32631
12777
28367
651
22063
14707
31675
30254
26394
30864
2206
8757
15318
28899
18001
18763
28250
21106
12046
18213
12827
32731
34002
4692
33297
33648
33351
94
20034
14003
24992
27761
14051
9686
21444
14908
11898
1856
12458
31897
19954
17548
4089
1684
33591
33050
16477
19462
23212
29711
16587
33503
10852
27636
33164
13161
22357
10722
30898
19820
17834
26667
2265
32807
32279
4187
22484
22164
2690
22287
6496
1433
26172
33937
30687
10837
5935
21873
30610
27685
5208
6838
1846
22664
30334
863
27239
12624
9110
23631
20796
26689
5114
19989
27578
19846
3823
14915
9926
4975
11544
30972
33618
21310
3105
16185
3553
19565
16268
15066
31734
2104
21532
33058
4130
18526
2323
22628
23097
32275
31885
8246
15346
9245
18830
13887
1916
33267
29612
23437
13649
5445
29497
13265
26586
26888
24305
33912
21169
8668
33972
6624
21718
13211
12267
27592
17314
21751
22417
29890
27151
19028
8341
20312
14828
28067
8857
23390
27250
11176
19808
27924
14437
20201
4882
7613
29944
31705
19845
23303
7767
32031
10760
29770
4199
14292
14672
8981
32740
21051
9100
25066
14824
11012
14216
2343
24212
13319
6821
28055
24834
27953
31678
29594
17851
22401
26360
9078
8328
1579
23016
26766
26074
27340
33057
11911
31457
14455
32961
11995
16298
32387
16883
9363
10775
13269
15476
26321
16238
26974
32227
182
22268
11287
12401
28562
6899
8710
25369
15643
10500
18520
18951
32256
25387
23777
30850
9320
10303
29787
9132
33382
5024
13200
17348
17321
12693
15506
12816
13990
33761
22798
32931
4874
3663
21953
3890
5385
16781
22099
3197
15819
23764
22368
17150
15403
30243
26822
10522
22360
19865
23551
11840
11292
21999
4885
15604
23605
26894
28385
31351
11902
10068
33680
23382
6025
31930
33697
8853
19418
16724
32933
14932
20507
34048
17319
5422
17232
17801
25322
20589
10062
12897
12530
20202
8422
32218
4889
16662
6390
30160
4870
7188
8250
32534
3898
8986
20022
283
13828
16163
16053
29035
8823
16132
29952
15368
30725
34281
14481
19034
8001
19823
15235
786
7884
33243
6269
27454
33277
20691
15630
4844
8052
18230
30359
17128
4839
18535
15410
31274
17535
7099
12630
29288
738
7926
26917
21688
26449
12727
7119
34196
19001
6600
33516
28019
33845
33825
19825
28072
30340
5707
23027
20138
25058
34170
16109
4802
23292
12221
5794
24210
5886
22876
13776
3464
30621
12477
34330
386
26718
15897
4785
14241
1296
11738
10098
11956
3701
33704
4799
16144
22243
9348
31819
15906
15748
14506
23476
30112
27320
15744
17050
7960
24721
15328
13602
16247
12379
717
6057
19557
10693
24336
2678
18753
23347
2228
31977
17218
21076
19664
5127
26591
31661
25006
6136
22265
20541
21894
33570
26489
19991
28038
15449
8000
2353
16365
9746
32927
26952
28073
27313
23708
18221
32323
19871
20711
14405
24797
3812
8240
33405
29039
19807
26559
33334
18576
10488
8655
28047
19025
13855
25505
690
14156
28084
29852
20425
31318
4979
24870
22456
20493
5476
4746
21971
4694
23585
19922
7963
2052
26228
9272
29421
20883
19888
30644
15515
34053
5423
27542
22742
16239
25422
24572
11115
9858
3273
5801
14265
7275
15027
32660
30575
13606
22595
16923
23971
9073
16782
6000
33534
31088
12716
23114
17294
19151
16918
21252
19076
19196
6119
32608
30170
5214
27808
33757
9859
7788
23466
14825
27444
22719
13683
22238
27351
33922
12367
32182
4403
18358
16141
15607
23997
17482
21322
32318
15358
13960
30201
12119
28124
28194
17514
17757
29858
7564
13300
31082
29289
17784
19054
23403
22961
22693
27634
13892
29170
18772
29646
20020
19513
30855
7283
25906
23700
21244
5497
19221
31400
24215
29932
30910
8953
10192
11014
26413
18451
18066
2308
25187
15013
10525
20813
32288
16796
25759
11865
12565
15268
33532
6118
20031
27201
17720
27913
21346
18383
6968
1702
11206
1438
22290
25543
24675
24069
25911
32623
8763
8483
12710
6050
30424
14393
22157
10328
6184
29896
10872
5997
5855
29237
27730
29049
9185
4944
18172
24244
26465
5626
7327
30612
7995
17848
26508
11003
33601
10305
3755
31077
24740
32643
17869
25482
24058
12884
14467
22857
30088
29802
20666
22982
23470
5404
6104
26160
16879
12598
22458
21228
12846
29976
7560
31793
9046
5142
26859
31040
31854
32505
13949
33742
30115
23113
22861
33669
24182
24262
28555
10324
20965
8009
33905
24059
31847
21167
12658
30325
28176
7972
8308
9697
28840
30671
32065
28991
28090
13114
25569
10624
14758
24598
15621
14468
14422
26856
26938
5131
6411
15815
18362
15379
9725
22081
825
21073
17881
10088
23863
18204
9679
23533
33559
29663
7733
5784
6092
27809
28235
32342
20592
21256
6189
11610
15474
31830
3533
5272
22372
27037
33711
23330
6371
9662
399
23288
4931
30362
14067
21984
24641
6879
7440
593
33872
32222
21154
28513
21741
21376
13529
3099
8784
33619
26789
8357
15501
24245
26421
14729
30589
13046
16266
29357
2185
6364
22156
19008
17339
5728
25050
26349
14536
8499
29888
18316
15034
32856
29566
5509
10105
31655
23361
6356
230
23290
25802
22735
9589
32180
32604
4635
20207
30171
24140
24178
18162
17287
30888
9236
16500
22201
7512
28930
19272
25737
13031
29212
30661
33728
10699
11868
16631
27451
26850
32085
34113
3348
10452
23950
17343
28913
33409
29968
8165
22418
31650
20621
32304
16919
28936
23153
8049
25229
7774
3964
7336
11097
2768
7567
21386
19454
15362
16098
24617
5281
21813
19645
10733
11202
29053
19930
23608
26239
27612
6433
241
24437
30890
18260
32171
31749
25878
31689
24206
15551
14959
14075
25509
29077
28231
1944
16802
948
12612
8737
22585
29564
6292
17996
28791
29630
1721
10352
33748
25591
20550
29693
20187
16258
6065
8975
22790
21146
32440
4682
15601
25061
28172
26057
21272
32798
25446
18557
23603
2342
11286
27697
29820
21105
7780
25221
10618
24447
34246
7437
4096
27639
16290
13785
9727
33412
22297
9357
18028
2229
28636
10606
6828
29460
25642
7141
8222
27833
18853
31667
8859
24522
16720
29344
19793
8152
18610
8658
32670
31670
729
18909
11630
14579
16331
12870
27789
24143
22927
30841
19876
19860
32872
18138
21183
13876
6298
10449
15383
9256
15031
2326
31737
14703
31142
9454
29687
12770
28334
21144
1588
25069
8413
4080
19425
1236
22223
4680
26587
7959
19238
23965
20848
27195
4640
28255
20595
5392
6895
31867
23280
9304
33304
17841
29290
18083
28719
11299
26485
28788
14082
9694
29144
29950
11128
20030
7620
10754
32892
25090
6849
13581
17222
340
33265
22557
27846
25605
8624
13607
27770
13455
7232
33971
16553
31406
2268
23927
33396
25384
30287
15751
13192
30632
16189
32001
9156
16539
20758
13853
21549
25311
23391
81
4673
10607
30294
8748
13122
23946
12676
17316
21712
27589
25595
27414
3790
15651
22567
31869
15995
13932
29806
8603
31633
29466
24419
7610
25773
31124
24120
16279
6224
24439
10714
1004
31942
27059
25140
5680
26069
27425
27829
26031
2196
21499
4813
17543
15345
17573
9866
14458
28322
25185
19458
1158
29059
26632
14636
20545
3318
17428
29484
15719
20747
31399
30788
22845
23486
25822
7870
33087
19526
14697
5672
15808
33998
26171
25546
17084
2304
25829
23810
29930
30581
16447
21168
28131
23563
5951
15477
22532
30441
8645
32178
6990
18245
12576
6670
22578
20089
23611
13453
18101
17176
34189
28040
26274
9912
18232
16730
1006
25386
25147
10480
6161
7089
4128
5685
25436
11585
13842
13614
33952
22279
18070
5267
14566
23752
7182
5459
4107
33630
31509
20111
12040
24891
30743
22371
15164
24173
22865
12722
24165
20145
8112
4920
17104
21363
12518
26106
17541
24343
28927
14229
21500
29823
26798
17513
15385
13218
15905
31578
8690
7520
24503
29105
26008
3087
23778
10300
31152
24890
31557
33453
9868
14944
21173
5005
17635
19088
23237
11643
22687
19980
7753
33046
7038
19612
14666
12680
25735
7086
17587
10370
15425
28266
28801
25304
20470
30392
19931
12685
10270
12756
15866
25755
19655
7238
31863
17160
26585
3289
28656
17659
19907
25781
20727
28556
22256
12847
11591
14049
3963
14151
27569
30989
8382
21070
4585
22994
14016
3780
25895
29880
31740
30475
29691
30778
10107
17183
29322
21723
15726
2226
18982
12819
20016
17118
1881
30323
13582
33682
21632
31984
22292
31043
28251
7915
19487
10434
26369
26333
28655
17322
16027
7505
1447
11841
29292
33124
30681
32490
30702
25785
21518
3609
27479
19072
20713
18820
5756
32438
5721
32932
1893
31744
29600
19569
17774
20086
19663
31474
4570
24315
31266
27861
30207
23031
16626
734
27147
20625
33736
3555
6333
3497
13198
25834
13439
29245
1817
14818
33942
24506
31065
22894
25835
12093
18806
28822
19827
20197
33644
12821
12080
26599
28221
1557
30658
25640
17512
30964
23782
33607
12569
793
33832
27193
24540
31574
29692
17409
15466
16320
10708
18901
10517
6075
14687
22662
5944
1596
22874
30193
25721
33636
19746
20340
32630
3683
4523
27111
21750
13197
20067
7035
8380
30753
3341
7460
972
32995
22477
11786
7295
6595
27984
21746
14977
32588
16284
18750
21234
16908
28771
5318
2936
16532
28669
18170
34337
16581
28016
33006
27371
30295
9328
12792
15009
11620
7563
19571
16289
6561
2391
24920
21898
4108
25074
27863
10609
31115
19523
16585
24004
29931
27507
21253
25933
14499
16064
21830
4702
1714
28335
3911
23580
29782
15975
65
3814
27559
19680
20037
757
5671
11290
19132
27185
2285
5418
9495
7867
11681
24613
25200
7756
33870
33714
19973
33830
28907
18031
30414
8963
11188
7190
21904
16816
19560
17901
12454
32326
29401
26332
27967
6368
21966
725
8584
27700
24114
16241
23058
16561
2894
3096
13202
16889
20622
31149
11845
9293
15319
15633
18693
20250
32655
13536
16202
3779
28837
7513
22196
21200
26771
3040
17823
16116
21393
17707
11282
19927
31337
26089
9112
24127
3819
32456
12713
16070
13691
22199
7769
13596
15267
5878
33566
10985
26725
19940
22706
26021
17681
9108
27762
21804
22023
28189
28914
25394
13579
4391
7183
27958
2346
19145
9244
34067
860
31627
30779
21233
7411
7286
34169
10125
24732
11005
32685
3982
14719
26698
22734
29469
11693
30409
30033
9481
10278
13297
16319
26103
29513
19426
7497
7014
10194
22299
20948
27127
32887
20170
12773
23319
23458
19329
14227
33500
5493
8801
28945
22744
15613
24225
7400
34303
24801
1830
23576
20498
15180
22967
17981
4890
22912
23163
23504
34193
19320
21752
18039
33934
22508
16950
3596
34039
26039
15061
21430
33580
6128
30239
706
18837
9243
33303
12724
10121
25458
7937
30881
4881
16835
13787
26567
34288
15452
33049
9041
26729
30269
25965
27452
24683
6429
15136
11783
26063
5848
29365
34232
3507
9514
21533
21045
33769
10377
9835
18442
11901
9008
5490
24172
6150
6334
21910
21353
24021
20181
23065
30431
26038
16022
12772
18856
15767
8526
17364
23599
33994
23893
19748
7639
29156
22056
15635
14935
16274
24297
23655
30785
31212
1902
19862
33724
33091
17621
24897
21181
15469
17503
3295
29680
7521
13339
13363
9441
14493
26194
9209
30307
11062
23835
19543
22007
10864
31621
871
21094
16488
33634
18905
28261
11424
25309
12426
24525
3723
24775
25830
20937
26122
24224
30356
5152
21911
9018
27885
4213
19452
26998
30165
8985
11384
10195
22374
20409
18239
13157
7605
10104
21642
17937
29531
31725
12471
202
13561
13839
9568
15680
18141
24130
23297
22339
20869
30600
26113
17752
27657
22794
9945
15617
17754
32527
19455
33637
8345
5300
25419
4139
32230
15286
2264
30602
4921
30812
30274
23220
15355
8238
3751
33456
17734
6866
26565
21705
20147
33561
13493
29525
31470
13958
18336
17760
24221
19030
25932
19822
28975
14441
22568
6662
29426
21205
33103
15508
23783
32347
6842
11847
19481
30524
7871
7247
22211
14937
3795
7458
28618
33128
3065
21343
83
19397
2889
20308
23152
24384
24135
29279
20946
13437
32929
16767
28820
6439
11371
30377
5355
29150
11203
5039
4367
21345
18512
9663
30934
29380
4780
24474
33121
29180
21802
21079
23267
31102
19451
29563
25392
5259
11934
27588
14585
14560
26853
16276
13311
10662
15285
27123
28290
21448
23252
2261
16107
1667
32321
30427
16099
25330
1853
20895
15846
30639
29232
25627
28889
12303
138
14670
18342
14388
14514
17584
22460
13042
15272
13801
13254
10621
27903
30594
19437
17284
10611
11749
5521
31527
4180
5150
25210
2765
33688
32084
30398
14637
34043
8623
34300
29057
16269
33835
30082
26372
27338
21997
33174
34234
33322
32636
22618
29359
17862
23701
30240
29582
33635
13537
33285
19798
5900
8955
22169
25664
25376
14214
23738
1452
20017
19896
19143
31507
29897
7549
3201
31021
13587
11636
11646
16934
31835
23586
28404
28095
6487
19964
6370
26918
28065
13106
2284
32997
12460
18121
2775
29705
27974
27560
3350
33558
10890
19308
9044
15933
34333
12362
20591
3648
21010
26855
26885
29796
16244
31656
14139
14865
19869
32103
19564
21299
11721
25909
31176
3189
11686
19566
24189
28753
30676
1554
32381
32479
9079
31640
5805
12084
12723
31011
4843
32067
16565
18032
28627
6560
32570
28668
2443
7036
21635
8160
26639
5843
11589
21328
1222
20038
14258
20005
12183
17151
19148
23424
16352
1548
374
30284
27348
8470
23920
19859
31815
11108
15576
5683
23915
4404
33991
19699
10861
5695
4949
27783
7748
18263
19187
25119
30715
27026
5397
852
30909
3592
10721
3182
28442
25938
28979
3568
5474
3180
30121
34329
30147
30393
31850
18472
32578
20158
19033
29609
3597
29313
21553
31106
20656
9349
26381
24280
19200
7007
12176
18785
16217
15916
26435
29935
22118
27304
19395
24510
5502
11796
5233
11678
18770
24990
14725
21589
221
13886
19905
27830
33407
13635
7164
26530
17783
3210
2397
13962
17797
16026
27764
28549
7393
30042
18672
749
19273
22981
10546
8348
20088
30574
33481
13920
24026
821
24779
30805
9455
20367
8006
33352
4372
23521
18523
8839
28414
31568
5174
23888
18996
33545
10550
33102
12404
14679
29743
13080
30375
10822
28600
27377
21461
17282
27402
1434
19142
29334
7431
4511
9920
22645
6480
12521
12822
24726
1567
24852
22038
17030
19948
31704
25957
33261
25557
14226
29002
32692
11016
29285
23659
3208
30662
32651
11940
33525
3604
34046
33074
4783
31877
34350
27623
7281
22069
21115
19056
15375
22471
33082
13503
27155
18609
24445
14909
4795
667
20362
12444
3808
26569
15444
10223
17581
4542
20866
17368
1546
6286
18103
15868
13846
31419
7199
10921
30692
31986
25562
5995
5475
20804
19144
5304
11696
33684
31730
25686
26900
24546
33562
18
16785
16324
34061
30406
16454
26841
29014
7966
16048
8793
32018
5875
30290
29117
18990
26554
4637
6284
19228
25787
9118
22851
31393
16911
29408
4897
20947
19828
8239
34166
32478
4869
8608
24764
5870
4263
21232
20701
21101
33413
20794
1664
20500
24927
25553
16094
12633
11550
3736
17417
16059
25249
26036
20929
20057
22240
16815
14176
31845
9676
16845
24249
1558
7736
11429
27771
5749
5145
23961
18241
21298
29247
27124
6491
2225
24283
14623
11705
8734
13941
11142
18758
14979
23302
17418
30701
17217
12114
21522
6513
33917
21210
11567
34159
21538
26916
11976
32213
20717
13387
14563
27727
28319
29075
6534
33278
7230
4656
33866
5564
5428
8998
15271
8878
29568
17133
30202
3636
7165
15660
29228
33387
24719
7184
20658
26240
7826
7104
19774
20395
25625
11876
22660
25452
17020
8484
9134
26230
22161
14980
30007
31455
13552
16367
9222
3684
17895
5731
26391
18404
34088
30244
13834
6366
33397
30363
21025
20609
20787
21227
29140
26601
4820
26490
7194
13805
34035
24341
18299
13554
3145
7927
26080
20915
34262
7482
30794
14620
24975
24032
23578
27261
18044
11250
109
15908
15443
7329
24947
16299
23833
28372
33544
983
17915
10995
30892
34154
25395
27406
18749
17991
29785
16341
14070
31918
26200
4616
11428
26431
4078
6508
22922
11427
11676
13473
29176
33908
19531
28752
4225
27627
29283
26835
25726
7201
17958
6137
18309
15300
312
8672
5730
30595
25300
33797
25948
9641
33750
28311
5530
7409
16133
22827
17821
18315
33035
33269
16943
23546
13066
89
8196
10908
5537
30791
18052
23013
20714
32976
15965
30546
22139
31616
7905
25516
3585
21913
676
23093
10474
33807
23582
6085
16395
24483
13590
4887
7714
24945
12156
15275
66
25819
6418
7791
14682
13436
17817
8521
20103
17163
32368
14783
15991
22474
24050
26713
28482
33251
25127
13094
20281
31573
18331
9751
22683
26669
29503
32960
7289
4251
6385
4379
19362
30083
28935
31782
14188
26595
6177
4962
9173
16108
32292
4665
15491
17400
6986
8970
6482
10355
18728
8320
10212
32283
15148
11126
20732
6241
14942
22713
34091
13357
23761
10923
33494
30980
24651
31711
3311
368
22916
19248
28995
24234
27232
20185
12231
26209
28448
4842
33402
21380
17360
2776
26269
31435
13340
11962
31472
22142
6617
15504
663
16446
3177
3323
32484
5705
29732
30741
25393
27177
16683
33197
8291
19360
15028
15754
26148
11087
25552
24717
13740
15254
26908
7665
17883
34258
32209
8224
12814
15298
18645
22813
31684
33672
22379
20213
28631
31938
11035
4627
15519
29348
28247
18795
11622
32732
1657
2408
18202
28260
11249
16644
4531
26849
10306
30396
3827
11021
21401
23535
18236
23998
8121
2919
5694
29591
30459
25397
10421
17179
15992
7021
25128
24861
4877
24887
5977
26776
17054
13954
9207
28663
17910
8471
28443
28997
27942
14215
32277
21264
31089
18234
7542
8794
29953
15855
21606
2331
8533
33653
30204
244
31412
26359
4205
33404
33783
31620
11836
10200
11146
1660
25491
25331
18836
12558
20077
33195
14278
26163
13327
14044
17106
23839
28478
20698
31210
218
26263
22631
24169
14347
447
10515
21835
25110
18834
5742
30370
33739
16243
23412
8346
26645
27181
24989
24314
24676
7615
32924
25023
24307
18833
30134
23901
16399
24996
21881
14190
15026
21749
23101
32544
6099
9573
29185
107
23849
22748
18956
19864
17262
23241
16174
16947
25212
9443
13641
30103
29726
31300
11849
18710
16235
13049
31259
22718
7918
33928
6449
17505
32523
25159
6293
25522
19885
23884
9650
23844
7105
16343
5283
14950
10957
26387
9241
24796
29048
30640
2267
8436
26734
24664
8204
29863
27986
26188
17630
17170
18397
5177
25912
32687
28640
20705
19648
18107
34029
20108
17063
29750
29667
33606
17542
33678
26756
21054
11889
8733
33436
17846
34003
7852
10664
20909
6481
92
17356
29266
30039
20673
17668
31378
26596
8163
20266
6039
22779
5031
10505
18655
12681
6901
27653
10378
22527
21732
24365
30278
27399
23967
14902
28242
10674
26717
15415
1809
28651
6833
28745
17312
12935
7413
6601
20217
1841
30021
30050
30471
10334
11922
3324
13466
11694
33822
8896
28187
19833
32042
5819
16221
32725
23779
13843
25610
32688
30044
23903
22705
14680
31225
31438
27281
19634
4778
32110
17912
17687
964
8045
7343
3029
34095
15426
7975
16494
23465
24266
18494
19721
9128
21505
17682
28386
31147
34074
25534
27822
31961
16688
17511
29965
19688
30235
22138
10959
9713
29034
1048
31110
28327
19101
26198
25648
5571
23684
25174
15857
8816
8158
1445
27128
27254
27742
8933
4521
26247
22552
13710
20499
4824
732
10652
4415
31962
31433
23656
27129
30140
32771
31244
16081
3591
10317
26581
29603
4539
19240
297
9178
15081
7309
19890
11861
29522
8356
24328
10089
28426
24986
21351
29145
16700
6881
26997
8596
5660
27047
12604
20291
31254
12042
34230
30760
33232
24647
21521
24462
15638
30232
13280
21446
10137
22134
21602
15243
15498
21979
31891
23982
16325
19703
14194
23293
12245
3737
27982
26653
27431
3092
28195
33515
12443
7
26721
28842
18113
1576
29155
5544
24264
31296
21041
33883
10126
28679
8490
27852
8615
33052
19777
20659
34111
23346
22122
4619
6304
30756
29779
25538
9712
18839
14010
11708
7315
14649
27943
24351
32033
10709
14095
31327
16251
26624
28185
19333
8352
25265
26061
21208
15076
30948
32891
783
7181
27524
15261
10276
34153
3799
12862
33419
29282
18744
14775
29729
26422
14328
14445
17397
23571
20542
20945
14695
12751
21710
16791
31227
9563
19652
26015
31501
24767
27126
29436
27182
18551
9841
33802
31733
12485
12584
21742
19048
29748
34315
4085
10255
6612
28107
28303
26503
16323
21520
13656
28285
20987
30765
19942
17853
22978
6492
30568
28193
5183
8995
15123
17157
33554
20943
25486
24134
26788
18402
12805
12180
29654
32565
8259
14633
30014
8501
30635
33692
19944
8873
22878
8203
2432
18448
21447
31498
20523
7833
10185
3754
9115
14800
24075
31499
8372
26570
3882
12912
29439
14812
16445
14883
13256
26986
6130
27099
22485
32465
12260
29832
19666
25941
22589
19847
3170
18430
27631
22175
26058
21131
14801
26401
25608
24448
24532
19259
20334
24886
7330
14397
11103
24677
33597
33810
20486
3610
15232
5702
23610
32717
29091
19713
20899
5735
21267
24530
15456
7391
30450
29723
4981
30303
9029
29206
29455
24389
20863
12802
23441
25040
5209
27412
9318
23132
16559
29954
23828
9865
7705
14599
3902
31391
14181
19551
5909
30034
24295
14829
28207
25919
22739
27996
27436
7140
13156
21793
19047
6909
26584
26079
24914
19583
26205
21935
33300
20696
8504
31858
4699
23787
23203
21932
31870
28653
1699
9674
5260
28797
34260
7457
29839
13431
1411
18396
30045
16572
31159
21708
27668
1288
9216
4086
16922
23360
16490
14084
9689
28495
17492
12967
12171
7570
20263
28330
29265
16248
16242
33312
19345
18131
6222
28450
13090
33988
32812
12703
21303
7600
11657
26338
27260
31905
14494
27561
11804
9584
26093
9103
21957
31143
6655
2044
27312
33568
18073
30648
3194
31983
22084
8617
33572
19488
13448
21174
25313
22610
8977
6036
12813
13391
7916
31120
26516
28253
6287
6381
8284
5649
1712
7555
21903
22451
30566
21464
19146
33879
23266
14245
7673
23142
25442
4551
1419
22571
11994
19716
33256
11
21743
16912
33090
23745
23244
14748
10438
10416
16541
5019
3106
23726
31848
754
3870
13130
6437
16003
9189
14318
24261
12022
28982
10576
32609
26532
30558
16309
10309
24562
16219
10909
26695
25122
9068
10848
14782
16821
4134
7324
25574
12817
6176
34093
26832
7764
11573
22083
6270
13817
33816
1571
29910
32128
14057
12000
29546
26234
12360
27776
27346
25143
19407
10386
18940
117
33812
22777
11301
34026
11408
6386
33216
7631
22057
20552
28672
16050
16998
8756
12826
18462
17224
17920
21667
26210
8134
33201
22421
23618
19332
33782
9576
26376
22587
22043
26547
24498
30052
14676
18453
12157
33066
3750
22001
6174
7758
33253
34335
18622
29529
24828
8687
30462
4932
10565
12149
