29536
24941
23972
29836
19604
27083
2699
29900
15251
25094
24074
31502
32480
26529
9465
20715
2781
15211
17404
33788
10446
16393
12529
12726
3529
9827
26537
31696
22051
30956
8876
19060
31215
26242
19408
17911
14910
34054
10079
1062
2398
31504
13571
28954
33299
16510
5531
27205
17893
33993
27148
27339
32082
1742
8848
18970
22501
28770
18392
33314
23045
14037
23612
18517
24489
16696
25791
16083
16928
31423
13203
19631
5037
4642
2924
31360
20347
22836
9193
30308
20137
24544
24621
31692
31352
16823
8014
20919
12110
29824
25202
24904
14777
14100
24959
6365
25510
30947
16586
27326
6345
12479
20949
10724
13225
18712
14315
10412
29984
9494
5654
22976
24523
31121
1875
21288
33602
27103
26469
33764
9542
26097
11548
7981
10907
802
22150
1628
8247
19149
9337
12787
6247
12366
19485
22933
6239
25412
23335
13191
28558
26457
24869
34219
3569
3837
30285
5003
27044
33288
10698
14332
20938
21163
18400
1440
31178
14785
30227
16704
23484
28141
23243
22486
8170
19943
4888
7031
33381
16906
15632
32571
18934
5516
23413
19870
23030
3146
33587
28011
16601
3625
26958
33613
30095
7882
22454
7417
19608
23974
18724
7441
18602
24292
3058
24637
213
10232
9957
19027
33916
24022
34211
20740
28972
26826
12284
25880
17095
6529
17166
23485
26633
11135
7258
23381
10428
29797
3076
6930
12505
26611
4929
27824
9305
11658
17531
21721
4867
31094
28692
24119
25997
15923
30982
23398
19491
8268
7272
17463
22716
29351
13779
28863
7574
10841
30900
20858
10396
923
10686
12441
20320
28775
33131
6635
14895
2703
26942
34285
32781
31771
17142
20083
18802
32354
9439
1644
27493
10949
24570
4660
19063
21789
32824
31544
17057
28026
12350
8641
14609
13020
29527
17250
11236
12289
28417
8151
16682
32952
14495
5957
26364
30675
19520
10967
33741
16634
14104
21406
25883
28809
32437
33940
19167
4235
21656
32602
26375
29499
18098
16218
5256
17967
14654
25432
19681
31878
19377
20791
33173
14615
29981
4158
9307
12641
18984
27756
15429
11864
1424
30545
5189
21758
4703
5767
20737
34311
10110
26678
1738
23286
21454
12864
29956
10568
33172
3879
10702
29958
14126
33600
11872
26416
1535
29549
8773
24164
12717
21247
432
8125
25922
13288
6266
19161
21349
19585
25099
4964
24111
14916
6084
20157
862
9334
14289
33712
25224
1819
8207
10984
12129
9735
28673
27662
17415
1898
22029
23800
19962
23931
12023
33578
15280
3640
27333
30079
19266
27025
7003
23630
8827
14660
16409
21098
19690
18403
30097
9493
6874
21543
32753
25931
29235
10862
20109
33003
6623
22859
6996
32155
29501
29101
23846
21615
789
7538
15837
32829
33441
29465
25579
24412
8858
6860
19786
5192
16703
15270
18364
5245
6820
30938
25404
31903
28455
24129
6434
28762
27929
25597
17126
25274
26150
25316
33655
23170
3753
23121
4522
23024
6957
24436
28539
6594
19932
11666
6503
33843
19094
19709
13176
17847
8454
7820
2299
10961
32821
21680
13967
4152
5817
27938
23593
28098
24657
32695
5966
25408
31164
29768
14283
21139
12860
7328
17274
1654
851
28932
11063
21720
22685
28816
4383
31136
21651
30074
20828
21675
22340
27495
19443
6918
3810
22426
5235
31329
28151
13293
17726
13496
3605
18991
19741
22906
23323
16807
14653
21204
28025
24452
28774
14172
33076
24158
16373
5860
9687
9317
19751
10308
24070
25293
27955
48
25398
17165
14501
29031
10207
20580
26379
10571
34241
27959
6644
11972
24878
28536
11691
12098
16701
16702
30443
18099
31619
27767
12243
26144
4611
30669
26933
17615
18111
26377
31320
16135
1843
30212
25043
18380
31389
9754
29924
19647
18791
31762
18182
21044
12512
22999
24382
27235
22018
19371
4800
17028
17019
9005
27773
4076
33476
6852
19325
19924
5641
16576
27874
23613
30497
30816
19403
22533
14092
5299
18872
33531
10795
22837
31526
4776
30860
8332
9049
32969
10614
16120
17086
17528
10315
30339
26625
20900
30081
21466
33844
18627
12074
29195
4137
20066
26662
15052
12182
31123
29908
24085
27022
9010
10789
4392
31855
18835
32741
4636
27467
9733
22721
31559
27020
11191
7569
14769
31127
24809
27349
3207
14457
5696
7556
32193
19074
29781
30333
8989
7757
5719
1431
24285
32114
12926
24698
24238
30543
30438
23692
25994
30449
10069
7614
1924
29163
23806
17647
14661
16078
5674
33498
32201
9283
32803
29765
22535
13831
12420
8585
29311
7722
20264
29679
24368
3983
10066
27167
9361
28919
18079
11101
23709
25191
11790
14
33789
29215
6559
33053
20742
29532
29193
14175
3064
28352
14025
19775
31038
11245
30512
24273
28504
27539
15389
27279
19328
25076
7602
33375
25448
17434
11066
30404
23609
11153
6528
17302
31041
3525
11285
7478
20000
15922
27393
27784
207
25984
13076
9396
18688
28526
31626
14696
27354
21814
12868
11138
19279
28892
27911
20039
5555
29171
5180
29946
13085
26800
32848
15224
27661
11809
26996
19722
21330
10684
19810
16675
23473
32331
23449
19906
31309
26495
13145
26437
2296
1606
9581
18976
32985
5487
33183
8881
12330
33344
22723
12298
30583
12861
19375
32055
12322
29325
34094
3191
29572
30865
31676
22313
32077
29803
11204
6347
13600
25425
12168
4821
32885
16230
22280
28212
24725
27988
5425
23801
17496
22918
30020
20961
14140
32301
33624
24299
27973
20979
22448
23385
5679
10808
1468
17033
19555
8846
22678
17772
9194
28239
8787
8021
31760
33895
13237
25930
11959
25916
33398
32419
21568
8627
16603
14040
6317
5014
8472
9838
13078
23213
32237
26646
5261
8108
5850
16273
28150
27523
3309
7462
8983
31833
5012
19453
24019
27543
16960
17639
22537
8965
6512
13981
27859
15553
34215
32409
13396
12916
22303
12682
22429
11800
33105
24325
11949
15356
12450
6438
20209
23042
27806
59
17642
25047
33290
7345
7208
18954
32757
23309
28934
31370
14027
31996
32322
34038
23723
15393
31912
22988
20992
7846
13123
33954
20177
30838
10863
28452
1691
13427
24663
21643
8749
22195
19278
18150
24170
30151
3557
7433
4748
6634
2169
29698
18993
24958
4781
7804
25796
13751
19707
31514
22060
4123
10203
3708
32866
28803
25807
5115
12694
27746
27430
20387
24451
31902
21768
30588
18589
8637
15394
29262
13797
17230
23164
18963
33977
17117
27945
3169
265
26071
32529
31202
18473
28037
28662
16355
9262
12486
3532
1658
27551
20754
26543
7735
16965
21024
30803
32302
21808
8267
31404
32113
18799
4934
31022
11547
20786
6002
31488
23591
15983
21102
27143
27810
20984
21248
17892
13205
20178
27557
29886
20269
9434
16629
10853
25936
33609
14618
17722
5613
24653
6240
26344
5650
16212
19116
14898
31354
9509
7904
6402
5927
13847
6112
22800
22040
28950
17181
5433
8449
21313
13807
7597
3163
8708
21226
14622
7616
25087
18944
17806
5556
31322
2316
32183
32598
12388
22466
849
19475
7771
27611
30372
3797
31301
18340
30073
30685
18004
22616
20598
2712
4102
16826
26928
25617
31685
250
15874
33337
17743
21504
32382
32123
18474
27268
18329
19474
13566
20968
14880
10810
29764
22843
32474
26715
30889
19844
29223
12820
4893
21865
5923
28721
8941
24057
3463
29078
30698
25698
3152
33829
8473
26602
23247
29174
22632
16057
13151
31524
20294
5892
6466
24167
9594
27769
28947
3901
21569
27699
12203
4153
7773
7154
28017
1869
8855
10691
8255
16118
11961
29016
29064
6159
17733
10636
7919
15517
21926
10931
11780
25953
24248
23052
33264
3134
10519
9670
31575
32635
28710
33230
7195
14206
20394
5185
34089
34267
14395
18825
27853
19782
28116
25433
17219
16080
30071
21262
105
19084
32979
24936
31682
4905
377
12017
22764
23870
25492
1910
33686
8076
16763
8888
22317
3346
23760
22091
22071
30064
15111
10111
32099
23753
12931
29475
26053
4760
25103
30686
32508
6622
15564
25308
28887
10888
9095
10763
2724
5739
19572
32294
32056
23763
25846
25727
112
12781
29874
5499
16521
10850
17957
23860
7196
10477
3213
8506
32627
14304
30271
16138
32910
14662
28939
22598
23120
17955
33939
6126
33478
27981
31140
26556
31357
32751
3688
249
10258
11948
23356
13647
22304
21040
10924
15570
32538
7840
32049
14930
28746
17533
30780
6290
20685
3306
7725
23842
30527
16555
22582
23040
20822
19953
8992
811
31092
8116
15518
13720
18456
18322
25104
14826
7310
7122
75
4704
29243
6921
29967
6237
15366
25683
9985
7666
9881
29272
15325
19465
3630
31489
33666
29642
3675
13314
14263
33247
31931
1200
10843
31237
16105
13729
29416
30539
4737
23868
21279
11685
29139
12908
26838
3787
17
20572
19166
33377
10319
26534
31910
25637
32686
23498
33433
22883
9940
20925
29418
28059
34227
23215
7223
6904
870
19265
29992
27034
27093
6620
10409
1473
14885
206
27554
4646
16062
18730
20474
29573
23371
18224
34102
29084
22969
3305
3166
15064
31019
30180
18919
27509
13666
16386
10627
31541
24911
32871
33718
30952
4233
14311
14028
32086
31727
19580
4548
22296
28587
34000
24239
21896
19635
30806
25430
28963
20299
21757
32048
21282
27075
31138
29045
18139
16165
5845
25029
32857
26505
28135
25929
30547
13810
26668
27672
26860
11791
30436
7557
15661
7049
22720
11056
17993
3571
24610
15430
18690
32574
28202
2236
24645
27334
15889
21337
11229
20484
5434
30448
29115
14530
7633
30065
10302
19010
9755
24591
4193
22574
25670
11878
34096
12327
33123
29702
17914
22887
5460
5940
15157
3312
29638
22437
23795
21630
7214
10613
2202
19603
13725
18598
19247
30236
8626
22853
4741
17864
20924
19482
20081
13945
8945
5620
23867
17656
19083
13108
34165
31042
7623
21416
29079
7864
30915
12302
18283
34103
12244
29488
3672
3282
23334
15851
22604
4980
31223
19321
5698
25868
24459
32403
6609
31248
15460
25730
3676
10109
25934
26320
28638
15539
13276
28054
3747
5401
33737
23505
24502
21031
24435
4270
7544
15783
9483
9172
7576
33610
17854
23206
18458
26500
32411
9710
5202
28431
27165
3875
7621
16207
10953
15877
9961
2882
26833
19499
4178
28688
26410
30845
20632
26744
23857
254
20460
13928
29794
33323
32737
25272
5280
9340
21325
26414
11378
15890
2147
16728
29450
33345
29543
17085
33863
30439
5988
416
26893
21142
21491
13809
24131
31553
26517
16885
27380
8606
2762
15750
17067
27035
3204
15262
8312
6127
29047
4228
13482
31326
10118
9250
12095
2140
33563
14238
28302
30896
21317
30166
26663
19043
17396
27737
24987
26705
20802
23143
33768
12603
21981
29438
28698
19594
27979
34101
7792
27740
18480
14515
28069
23365
6314
16517
6890
3606
25096
14575
19516
18152
4943
3097
30500
2904
19772
27705
11750
27197
27711
17069
9092
29160
31679
22565
20768
27283
10960
26956
9102
25182
30413
17843
9738
31780
17457
7484
18884
8595
13825
25700
22910
17637
33509
9949
30690
15985
33293
11846
24463
19706
31693
13644
17588
27778
28546
4252
20326
22335
11586
2212
20124
6520
34220
29648
3168
30544
11576
32600
6971
32562
33117
17129
11399
22603
31614
32157
14761
34345
25976
24646
34207
20339
13501
33759
24747
22314
18969
3702
13459
23295
33284
25651
5143
4858
30390
32669
11215
24183
26779
29542
12296
33384
20571
24486
17942
22003
12371
1671
7582
19340
26922
30374
31117
18498
14074
21848
19696
17770
21972
16850
3519
28848
30106
9392
27048
27442
30960
11687
33335
13063
18972
22102
23349
23952
18895
29704
4768
7625
15759
11808
11950
14333
27985
108
14165
33581
29640
6615
8643
13841
30567
12482
20019
24115
27581
26424
22087
26575
17741
25013
31963
11716
28680
9606
6643
22773
12422
14269
21506
29843
17953
16762
31012
9399
10327
28203
29826
8582
18896
7209
16179
20670
11893
20611
4583
15490
3758
21719
26676
25383
23499
21523
32217
11584
13891
6498
19787
31369
31872
28528
27678
24966
32284
29911
22394
24618
5518
25213
31484
30407
7197
19017
23130
31715
16012
22689
5560
24339
21072
32998
24309
24003
21029
23944
751
27375
364
23167
727
19710
33180
17894
23854
6401
23070
5465
4974
16596
25483
25622
29474
13752
24394
6523
23889
22947
16056
26533
16909
26013
32005
11231
21489
18393
25626
24970
22072
19532
16545
14568
6268
10580
22419
29367
25409
14643
14210
21536
16318
27506
6604
3179
25343
7301
26032
33837
15913
1209
12953
11040
8632
19467
5230
5780
13599
11295
15634
5658
31797
6883
27805
23855
30767
5628
5551
20013
25364
26867
23885
22077
14242
3748
14533
18552
11278
31639
19814
31595
21049
3619
16615
30510
23035
20168
9251
21826
6376
32747
33906
17361
28543
32260
24737
33168
31187
34066
10796
22141
31179
1670
3181
13030
7438
7157
10176
12208
32450
24121
21294
29883
20496
18466
20227
6393
11909
23832
18326
27850
22105
26301
32936
31823
23644
5934
28061
8842
10405
28650
27234
20485
28525
23540
9470
27888
4896
20105
26807
15033
723
1430
19851
18854
28926
14646
33116
13286
33218
9387
12698
4074
25032
12553
22730
18164
10866
14502
26265
23254
26186
21063
28371
10732
21367
22583
14794
21286
34055
5028
8652
2328
3211
16372
25344
10831
30129
2327
30603
33800
3103
26982
31267
26623
22329
12537
16591
25528
31933
30158
26241
2771
8837
33467
32079
20977
31107
13246
20876
28190
4091
25003
5449
26255
4764
18265
21857
22267
24174
18721
27690
24792
24774
26357
3805
32278
11185
32236
19468
25498
11965
33353
24963
26368
13923
29094
22783
28373
30277
7860
29114
6144
4926
21880
10655
15735
26741
12320
410
7980
30168
13196
4775
16220
17440
24750
19180
32076
15176
2333
1943
31770
17229
9627
4648
29220
20767
29639
26792
20726
17663
20578
30226
26442
11042
24335
8444
15131
9033
16991
7526
34064
18859
11421
19725
24128
23426
34173
8303
17214
18284
30534
29417
22989
24108
20245
11882
30474
33698
3173
17748
10329
31837
30098
27708
4375
1824
19506
1049
2675
714
19244
24517
27206
5678
32509
18013
8903
34238
19211
29136
16344
14503
32234
33336
13279
3681
8344
4559
30330
12086
26130
22564
18803
23089
11414
24080
31145
11842
10341
7015
3637
2078
29126
5849
13549
6924
5546
29307
14061
13559
29333
31643
27344
28953
32776
3223
25209
598
19303
8642
33471
18699
23843
31505
23683
33007
61
2910
19863
11079
31510
23648
4192
16722
26881
31055
5566
24237
23640
27856
28449
7742
24464
6102
4143
6288
23887
26214
22945
16980
10560
24939
27104
33522
29827
27245
15299
33612
24484
28566
32895
9639
25399
24126
16641
5313
25671
1612
12661
14146
11915
24122
20703
21870
26837
6106
3622
22185
26253
32716
24233
15406
14626
25743
6837
27390
7155
7819
8010
27656
3770
28128
23664
19218
16149
33903
31801
18939
2144
22255
11733
1260
21541
16236
5441
21546
26519
27458
25263
15048
11984
3696
32860
23158
6179
27192
23802
25222
26138
19405
7524
12018
23924
34069
32524
24045
26598
31645
23306
4690
14380
19670
656
23606
26592
23823
28382
5814
25646
201
14780
34068
28378
25672
28447
23826
24673
20516
26392
6384
18898
26266
31893
33051
14327
33784
8929
22550
712
21833
19105
34182
31434
2725
25876
26694
10973
9429
24223
21428
14404
26821
17527
11291
18194
7813
15547
3614
25055
15245
4937
28000
18844
14835
22530
23803
30968
10466
20506
16713
5512
21278
26121
22975
17042
5140
23404
22864
26157
3813
11894
16598
4138
26521
3658
25613
18660
7270
10755
29169
33853
29046
20518
17096
28030
11679
4891
23963
15294
29118
435
23830
6117
18330
26823
7881
25706
13001
15152
33257
15614
1101
23668
10217
23724
10900
29110
14512
21296
7012
24379
17590
12421
14580
18519
8094
2938
22293
18877
28400
20660
11881
23680
30906
32013
30647
3349
23623
9104
28856
29585
17340
15822
21977
8080
32583
5406
22461
13362
10817
30479
17025
17192
11302
18883
18338
18089
7262
26488
19570
21628
12852
30126
28351
27526
19689
2704
26486
28621
31560
14799
28457
26558
18765
21542
19913
18142
32135
18351
27332
30907
30713
29020
1866
33659
21103
10889
32052
23025
10417
7191
21526
11725
5124
13767
15006
12175
20002
18432
12882
28708
4586
17793
24006
21934
28104
31582
32906
32299
24516
20770
19413
31742
5522
24103
15419
7139
32463
21668
24317
23772
12185
18681
18038
30704
19192
20795
16671
30609
7962
16262
10815
18677
7103
17328
12952
23188
14587
13326
16390
26347
7415
23192
26418
21469
28097
18916
19164
32313
31255
32205
24265
22972
17954
16570
7724
24236
33926
28308
11034
25194
29934
2237
20257
3618
22152
24865
31611
2227
23086
28573
31374
17672
2222
3162
24654
29216
8692
33178
7220
3543
17053
9170
29127
23094
13421
8607
22917
8390
30047
28971
32307
32785
21969
15873
16738
22024
17078
28744
15435
11726
22441
15239
12112
4786
18652
8974
32915
28965
28310
32528
30091
21334
5962
11224
30076
4079
3834
32650
3158
27014
12945
28832
26647
9400
16046
17089
27385
10487
23092
27787
7594
18360
6592
18339
26743
13665
23331
28684
23497
10427
19004
12314
31207
18735
26096
12223
361
9715
5431
23780
23675
4787
14541
11289
26944
27632
4917
4834
8262
32764
13206
33670
23087
14276
32786
13290
34291
14403
13542
25861
24028
15260
1549
3476
13911
7561
23519
27905
18807
14516
23647
12597
6497
27301
29828
25109
14235
15147
31576
33212
7703
29277
14874
22677
6348
9129
27803
29754
19385
25778
24526
15924
19592
8897
25732
7842
27125
18675
5738
19500
30391
32934
33342
32560
14193
15836
20831
8682
5635
10897
32238
20610
20131
22807
28724
7652
29072
27948
22475
24751
23479
6182
8086
27621
26726
14083
33885
2402
25100
29868
4520
2279
33138
8478
9180
31777
28614
1086
7604
21385
23891
28594
22177
4198
19012
20847
1655
17596
24672
27766
31554
30156
33031
22581
17351
16969
34181
15165
9052
23531
29394
17586
27142
27438
32852
16401
3317
28949
5360
18959
20094
19459
9963
27183
15542
30221
11091
22599
11918
7498
12274
27011
25173
31927
30714
22556
17464
14240
31680
6504
21618
17444
8822
8856
27688
8879
30196
24347
32796
29927
1405
16854
12214
11702
28841
26679
32064
24545
17501
18072
16206
32881
9066
33975
22541
18144
27879
6501
1656
16862
8220
28671
21138
19567
29403
7868
3466
5427
12809
21769
28570
17523
1622
17344
9249
23134
7583
18979
16328
32745
30253
215
18713
28986
28544
3143
17491
26748
2429
20252
1945
23405
28799
5412
22229
12227
31668
29067
27775
33372
21071
6647
17365
32015
16264
31468
16657
17308
27527
18095
14373
5974
32518
6359
22965
24185
3155
22600
7436
28714
22272
13019
22792
5621
25512
31086
16232
26753
32036
7579
22415
24817
30759
34157
20627
9501
19522
21412
3151
18823
31642
24181
6153
24344
5979
30770
24777
20981
17380
5467
33194
31066
13803
6916
26259
4827
4533
4814
29855
22286
2682
11099
668
21682
24724
13472
15193
18752
30627
30802
29164
25302
13065
20553
7115
14522
9341
24252
13313
24550
31920
8869
22408
29588
26834
33150
7331
32530
7373
33298
12189
23201
2424
27889
9225
13605
20761
26991
28608
1845
11751
19915
20194
1725
25005
20235
32131
26325
12791
243
3815
9135
29712
17081
30251
13088
8867
14815
18047
9474
14795
19107
21069
24720
2341
32470
10771
3745
11082
5270
13432
11098
13368
16773
19222
21786
12475
17980
20668
15196
1740
22070
15467
32184
33222
5614
25112
23171
15760
18021
24512
28507
28295
34136
9624
32310
33889
33360
10809
28039
17852
26528
30267
28500
12246
10379
12177
20098
26844
12372
25623
7290
18244
21496
10188
3035
13098
22075
24699
29929
8514
15080
19114
20164
4976
25837
33122
31562
21266
29324
17130
12674
291
15497
18629
7778
26223
14420
23537
27432
2159
24735
11048
21811
28179
2242
1733
12116
25939
24917
14496
3679
11979
18503
23747
18262
14523
13934
9876
21947
16863
10659
446
32012
12105
10800
10974
6596
16566
13354
13970
16051
31991
7977
5193
11574
26865
20216
27476
16778
8058
6631
25684
22487
9147
24369
20510
25426
30173
22793
20838
32125
27435
27579
31765
27531
9444
31345
30691
5637
10740
251
10634
22067
24416
21537
367
33425
4631
13565
30468
16895
24923
28707
13998
30811
27158
26197
15926
14392
19257
1416
30145
8622
4794
7335
25149
16198
4654
20605
20346
10485
16590
23714
3164
879
12193
20509
6369
13257
15950
1573
13701
3760
8877
24847
31050
27799
12459
14170
8854
1180
8866
20645
5263
450
17372
30006
7827
25465
22380
7492
31981
21776
30385
32472
24159
9496
16684
17576
8667
6475
22028
10914
20664
10623
32319
27302
13462
10403
21704
13718
23512
14228
12470
21627
33295
5395
9062
5480
8691
1471
30105
7047
5618
7763
31708
18819
1735
16288
30732
13103
7129
26398
29013
16327
16374
25501
7661
5709
17458
23363
17122
787
2221
8322
27061
6051
5763
20489
28268
12297
28350
24584
26340
32194
18502
31788
14837
28967
1672
4939
28460
27843
1085
14806
20012
23841
20852
31687
6499
31494
9664
27084
23350
10619
10384
15312
30901
29213
7374
32558
14426
9072
9045
4902
17072
1908
19672
6547
10459
28737
7554
10608
18918
9186
24555
26117
15249
6005
25477
19624
8447
12237
29349
25601
27665
728
31726
32958
259
22803
24552
24205
21989
2329
14949
16761
8148
14817
22760
30663
26995
3623
15560
19994
25133
5751
17825
1937
19766
10157
16542
29617
135
29892
12533
27180
11932
26060
10465
15414
21327
9220
28720
9507
10236
14247
18446
34058
25577
18661
23825
8780
26806
25070
14355
23399
11068
25845
25769
14450
30005
15618
33550
19434
30983
9063
10507
15867
7519
20764
131
12205
11061
21427
25709
21933
10458
33553
26590
26309
26589
14479
19849
14946
1597
3706
21782
18715
5924
7435
18780
31741
11869
19972
9271
6645
5959
31641
32413
6530
4674
20113
18639
21002
23561
16775
9545
23836
19685
31497
29335
3069
22990
9508
9690
7913
31534
26166
34213
34110
25888
7925
20004
5519
9346
19140
10451
7859
23425
23383
32117
16607
12980
14055
18867
14207
16832
22963
5964
21064
33584
28718
26644
34264
30726
34017
10165
15911
25680
10433
30711
26854
16450
8206
10365
612
32720
15904
14926
10886
28519
24542
25763
20502
26507
14941
20559
8144
24727
12292
17820
19848
9339
32407
31129
14534
20365
2393
98
21973
9284
21535
13102
32614
245
30844
30987
24374
8113
23219
31449
31242
30338
24008
5108
18246
9834
18250
5277
4092
18608
9693
27009
14244
28818
5675
24411
11833
865
18179
15625
23226
33963
17178
20557
17269
34298
20730
18185
28167
17597
15574
4267
12875
15392
27186
15398
4796
15537
28440
33549
32138
27222
8110
372
27555
31781
27758
4563
11551
33979
18733
21845
22554
13524
20857
20421
18669
25260
8476
30630
27655
32563
31336
17729
23503
19175
29287
17387
833
15450
10600
672
26221
28764
4977
31480
26440
23071
24179
12965
25203
22406
8394
16250
18726
2309
26224
7127
20350
20226
21617
14094
3796
26385
23074
8574
1681
7228
22234
28258
26940
9451
17349
9649
30422
21665
20782
15990
1263
22679
17519
15945
10845
32366
21398
27153
26858
27788
2735
26123
5770
5760
28768
6410
32459
11713
4752
14999
13082
32358
21214
27032
9724
23233
33160
23555
29109
16905
18365
8830
10227
25515
31822
12160
25371
22026
10956
3673
31311
1561
12490
24820
7375
16624
13367
5622
12715
20117
30775
23450
10638
29293
19731
30571
192
32385
31477
12067
752
9878
21202
5041
11566
33513
30387
16060
7274
29069
32697
13538
24841
5724
19976
31098
33169
33320
20556
22442
6093
19270
24177
5007
21570
20832
30017
29915
21492
22784
11661
27459
25655
11731
26629
7708
797
15409
15187
25192
24805
15053
23148
15714
13392
18583
22572
33149
8154
19749
28125
29028
5636
23014
14629
27453
18249
21556
28164
2217
19937
24991
22812
25217
11673
11985
24614
28678
15022
11974
12876
26847
20719
30148
33948
25907
29596
17090
14187
1653
11057
6650
26555
20743
26783
29092
23396
27224
31258
20990
5373
23296
33929
6947
25742
30783
21495
3044
4841
16067
20060
29780
19446
14634
18929
24062
32691
30833
20647
26282
30276
31736
16150
29624
28756
14261
29735
29681
30584
22444
18051
18276
20035
26651
7000
8263
25762
4803
20457
17500
25121
34131
25816
17046
16485
7030
22992
25699
6037
29221
29472
30499
2184
29626
19616
23179
15170
21937
23444
76
1716
5409
33524
31170
25914
6046
12957
5970
11798
20479
30913
8480
12718
7235
21047
30013
4594
9382
10351
19414
24065
13499
15915
26179
24358
16313
22015
19593
16492
26136
1264
22931
831
29703
30425
27881
12758
8653
19249
33723
27276
22377
30009
27116
1069
24669
27010
28326
27848
6903
33605
12619
22902
16849
31779
3806
33565
17532
30016
6920
8650
14390
26722
24793
28487
11199
19173
28148
6246
25354
21191
22588
10937
31516
21473
20766
7930
24399
25035
30745
25696
20091
32096
30379
12961
5231
31315
22746
15295
21243
4409
14412
25716
27533
3284
1844
24624
18604
22929
22625
28493
4963
33017
19605
11664
17268
6423
594
30417
8808
28053
23221
27448
7405
8700
15849
16914
6033
10363
10358
28045
19080
26427
0
31520
19644
19066
24527
3548
33422
16148
24827
28974
30433
20995
21485
30801
16617
14218
3918
7125
19131
31173
23227
28092
34286
20255
33368
8117
28700
20652
31978
26471
22877
16569
33645
26791
32398
25190
212
12535
12117
24096
16563
21841
16652
15059
10824
19817
6527
34274
6844
20228
8697
15073
13576
31767
14209
26318
15462
31513
27887
32541
229
25439
15555
21906
29175
4971
13408
14434
28219
23487
26526
4849
17032
17143
4861
23549
6850
30961
13022
7987
15597
3835
7866
29831
29653
9313
2887
27122
3731
1621
8022
7888
6453
29838
10770
4685
8448
13061
20477
5663
4650
14650
15077
25362
20862
20590
9874
18235
14310
1116
10943
2773
16961
25250
653
18720
5128
7264
976
19239
24752
19995
33919
10868
8465
1694
16583
16071
6452
32973
15823
16946
28029
27686
7858
19357
1541
25233
10605
22727
15365
20240
20790
23006
20725
10529
1556
6310
26383
32390
21996
33744
10173
26105
4945
29086
34279
7198
31975
26133
14556
4573
5975
3495
19735
11644
22189
25798
13662
9958
34137
33665
25208
8581
1281
29312
26329
18238
31646
27753
17796
15327
16308
33586
8354
28937
10551
9849
34105
2692
87
23679
20906
21394
21726
32709
13762
15988
14747
3920
27465
16880
25485
26818
32606
23883
9354
28206
15520
30465
20275
5232
11952
8712
5740
13589
7612
23746
19640
19281
14708
16493
14509
20331
23534
13790
26072
8443
20169
13261
27794
33836
18683
24025
22688
32791
20272
16753
23325
3225
31387
32561
29395
26987
9718
32264
11096
4873
12547
27842
13127
26483
22913
2291
19834
30400
29375
24494
18487
7485
32814
18272
5946
18977
20709
745
31064
12076
29550
34164
10373
7628
22400
23749
18899
34240
17303
12574
10986
23197
21061
16935
8044
25865
13219
24629
4957
29219
5258
18467
24071
27461
1617
32594
25064
32982
30706
28286
26814
5861
1499
5166
18631
10569
15700
25095
7635
32520
30346
7619
20244
12413
22987
15020
18493
31285
9016
1530
16820
18481
5717
935
25015
25920
14133
23994
3498
9246
12408
16237
27212
3161
17405
26111
31097
17577
34117
24650
19335
18988
7861
20311
10359
5949
13811
27031
9098
16658
23336
14535
2761
8952
21796
23311
24112
16743
26022
20046
15711
26937
18886
16861
28497
23991
28035
34075
4819
16282
30092
24166
32945
19874
19041
7808
15778
7501
9613
8087
21014
19945
18319
2199
25826
13475
299
12602
24260
16233
19494
17601
33249
19667
5478
6656
17245
14196
12923
22378
24632
16844
33740
25334
1534
23108
18057
3603
27960
34045
7996
21302
28153
25897
14211
29633
32628
2166
30378
27748
28182
27693
18058
5708
34128
33780
24359
18174
32262
7622
26290
9730
27372
2691
25554
9907
30055
25251
22163
26285
8050
1614
33729
23150
25611
6857
9698
2738
4264
1727
15442
9276
9259
33850
26455
8104
4572
14038
8343
34226
13820
6851
13174
12301
25550
30061
3786
17948
29423
11835
20204
30048
18981
8578
24409
27433
34025
25493
6485
31236
12808
22252
17992
5266
31697
13773
33156
13722
28522
10680
23682
26871
4239
11704
27854
30217
28595
21852
19639
24306
11801
24200
25685
32869
26202
10513
10191
4903
20950
19929
19156
14330
2179
10124
32901
32396
19172
26161
6267
18332
14790
17595
30504
4248
21529
32581
17254
2740
27364
29066
19092
19213
30255
11736
18580
234
7660
10503
29869
7167
9141
8355
7834
29173
33710
17309
13356
32192
31478
864
11111
17298
19317
4094
5938
3608
26805
29511
16933
15293
32783
30786
19687
21455
355
27092
1825
26281
9130
7392
13540
12849
9232
3354
7153
13814
11375
11051
30986
31422
22016
23409
5712
33438
21400
20626
17027
320
9254
11699
2356
23895
33186
10856
4892
20651
30077
14054
10746
6110
412
18391
23019
695
26975
21018
21043
20688
24708
27242
4621
22984
22369
29424
25280
16468
20547
23566
4618
7743
29435
6893
3709
28477
22899
31786
18511
13706
31820
12954
29274
6454
29264
19150
14266
34081
18275
22540
31594
33687
45
19575
27258
22694
23925
16018
20165
23992
3690
31949
25776
27241
17906
2235
27844
1920
26001
19754
16632
33279
32758
3887
17972
21028
31382
8373
32074
15046
25723
10478
17780
16338
11843
24453
14087
30176
34257
28056
8329
25777
21257
7723
34161
30973
29845
17495
18812
3907
16723
27922
12906
6664
32864
31829
27088
25806
30460
15533
21877
22239
31070
31275
22402
11605
21519
22480
18026
30376
29298
28101
25367
28833
16693
26451
6074
18225
18786
20150
20372
19987
25609
5118
26895
26189
27175
13586
26260
24321
6935
28276
24930
22725
9732
24611
24754
4525
24139
10586
20393
5420
23850
20855
28391
26808
33859
30490
25348
19246
22343
5992
1404
17291
21414
7401
19770
6532
13342
30808
5619
29734
6915
13404
31659
33892
33760
31806
12173
19780
12900
28349
26436
33258
6043
22305
30477
30974
21375
29923
20186
7766
4644
3517
11183
31148
3503
5279
29515
28232
4774
26432
24190
21039
15051
32989
15728
10442
19236
30329
19062
10723
29842
8359
26204
24910
19968
28644
1705
18191
14731
6026
29516
30057
17039
33564
25294
8016
9133
10117
32336
32392
1865
21838
23592
19675
6404
6875
18149
33111
3646
23520
30085
12689
10053
4745
9028
27015
20951
6396
12904
13878
32088
1696
26146
29162
29701
3826
8613
29147
23127
34304
32991
18401
20447
5624
12536
32043
11832
33673
27005
1002
8497
23794
4222
4083
10476
25168
9604
20777
24469
21762
29942
19326
78
15541
21992
10506
30139
26514
21778
31966
7006
9086
10629
25598
17432
14144
19292
18341
8028
5447
20751
7923
26820
24349
14678
28738
8129
24312
7632
33465
33699
16291
12939
14303
26707
6537
15374
19496
3125
28271
29414
32654
1750
9001
1673
19649
18438
24635
17038
20430
3329
6484
988
33146
33358
27886
24504
12657
16992
27292
23357
11830
15400
16461
20903
15395
25026
19091
6464
17056
1939
30994
25366
836
20581
6928
33410
27007
26258
19022
31567
32766
12113
25320
20942
28590
13653
22271
8082
27029
433
25886
24706
26149
13346
1159
9586
9380
27795
22891
17189
33585
24607
9359
25631
20238
18577
25545
9009
15834
12364
21658
19297
21318
27137
5122
9873
4860
25453
12504
11383
27687
25692
27272
4927
16336
4830
31987
31805
28630
15941
12966
23312
1297
24432
33215
6291
12312
32457
14342
22101
22826
18722
26719
11130
23351
17100
24201
27525
24568
12854
3785
14688
12856
22005
9
1427
19957
10993
7917
11067
12063
9240
27166
19978
4115
32876
12108
27964
26612
30038
21983
8115
28505
27940
8083
19383
17236
27835
3739
13424
1272
32769
14033
15181
17723
20467
10979
29720
22014
32460
26481
18913
10896
21770
4832
9050
3286
697
14203
25794
33775
33370
3508
2073
18029
34175
14097
31590
25894
32722
12823
26909
5746
32920
753
32195
33894
10475
29040
13664
5953
26666
7841
4398
18773
31570
10322
25962
17604
5722
15500
3976
28023
26630
21863
17652
9090
32309
678
29431
29866
24671
3114
27077
26445
6329
30248
32559
28865
11546
29861
29254
31522
15611
26167
1529
1598
13850
17845
9645
6361
18500
20314
28875
7906
8091
12539
9932
17437
19715
25314
34313
8819
5563
14262
20930
5349
9640
27324
17475
4162
7515
31154
6111
22848
14474
8212
1795
1823
32169
7396
32730
25045
20118
7654
6067
33642
6474
19815
31945
31105
25021
17693
9742
17386
1821
30866
17215
24175
30916
25954
18714
32943
15903
26794
23055
25205
15172
9488
3133
28354
29004
20139
17664
30902
23978
14517
18059
31743
16891
22775
32953
9069
22590
5437
27263
32333
28540
30924
32833
23456
15578
33510
21831
33165
29089
19367
19478
26613
8511
7717
15962
29098
12402
30596
9752
9637
11855
10561
20439
4879
7231
30262
7265
21483
23635
28033
28439
33900
18081
26193
5236
9333
25253
25421
24993
30696
12687
