23686
3068
16527
4543
20774
25500
21237
12204
19456
23987
3843
17137
10407
144
19505
29502
33528
19880
13260
14759
12589
14483
8019
31304
13775
6495
21206
25570
33880
7116
26576
30929
5890
30930
16690
1707
20402
7137
31955
33995
4790
21774
24471
9083
8535
6131
27970
28472
15206
1923
4908
31629
25473
26511
21843
17814
33483
33918
29775
27825
22905
13914
13988
32548
20934
27802
28441
19125
29446
23904
13568
6516
25975
9747
25825
23947
9614
22404
18737
25748
29865
31637
34310
31625
20180
8126
17510
9449
28420
17969
29209
32759
20636
17066
15997
6021
28634
34188
23528
17473
23416
27405
19534
10218
30796
28058
24931
33944
11386
1677
6679
23715
32531
17670
20456
29666
20772
31768
12654
9204
17960
32272
32020
300
20110
29951
26102
27379
15678
13838
14440
14518
30932
18705
3115
10776
20008
13355
9322
7226
24639
8806
9937
18936
13851
3298
26227
11140
10840
10730
30293
20453
16123
17389
32999
9869
28362
4942
16941
6049
25803
16119
68
33355
9965
14838
18945
18761
3666
32464
1533
32822
29236
26480
31463
17467
30729
10715
22171
18229
13977
22194
26408
11571
34090
3908
5104
32579
29073
18717
3
28890
6017
4181
8662
14180
22159
11298
15647
18108
23232
14555
7907
28333
28486
19190
18353
11072
22284
30585
24509
11815
7349
7384
16351
20429
31492
3738
33847
9956
16804
13143
11217
28476
6441
19442
3030
27417
17879
29369
21378
14014
21166
22873
5178
20602
12843
13517
25375
14593
1797
5170
12617
32360
4900
18214
6053
16533
1407
21661
21621
29973
27980
23020
34141
20153
25854
1568
2208
21209
21524
6897
33958
8648
13802
32127
28122
26764
33690
3059
3913
10834
29090
30313
24655
18938
14520
10671
20366
27923
20654
17890
16636
32487
20049
29848
8342
21788
4149
31046
22771
5390
21650
7741
15194
21432
33143
19049
20923
22957
6538
21864
20079
20440
23157
31652
23271
4566
32828
21850
19728
12071
26356
14069
15720
34142
9506
12692
22034
424
6280
19081
24027
20348
17329
34065
23798
31466
11581
3288
9229
34086
21956
28085
21663
15763
8367
17139
14674
18548
6632
32121
29859
2101
33129
3537
11834
6548
6473
29798
30529
21629
30256
6517
23036
28144
29128
18628
17677
27582
10189
19773
20191
20303
3893
14312
10400
12655
6044
12111
31446
33137
17692
27002
3743
21006
1179
5689
12663
30495
25254
29342
9373
26993
25303
5241
28784
9852
10858
25435
7729
32371
27244
28165
13443
33831
27049
28782
31013
32495
14671
18015
2779
22962
4994
9844
6902
11651
33633
24398
30750
25967
9696
26824
6435
17173
10579
21033
12220
4574
17735
25821
6020
22096
33262
14700
945
21856
5548
22591
32522
17804
19868
12449
14423
5314
33126
32007
25842
28742
28812
26746
25037
31597
20461
25105
12336
8175
4828
25073
16749
5359
14976
637
34218
26947
20363
5196
14291
20121
17657
27641
20731
12442
33842
10966
33109
28169
18788
16867
4169
18902
21575
3894
3049
19776
12128
15800
22919
13023
2334
14685
11147
18725
26608
7112
23740
3100
20880
12218
30694
18595
31205
29331
3321
14164
14525
5577
17638
10086
17646
6296
16834
33400
14922
9719
1451
2162
7395
33361
27606
16194
16755
18195
29161
28681
31051
26000
22352
20435
29097
5803
25705
24507
29882
23172
6519
19811
30573
26932
18922
33792
14793
30421
27976
17750
20123
13935
9832
30569
16574
1429
15505
14282
30856
17481
30368
15185
18866
19875
3697
27144
24202
18504
17134
16711
28287
17574
32268
7476
8233
24495
31197
970
15657
32140
10336
27512
5958
19717
31876
21780
13163
22747
13955
21748
941
7169
14389
33012
33448
33526
11981
19035
8079
19662
26353
10832
29901
5856
24770
23840
15650
10215
32261
28263
32462
20819
24864
29778
13177
27108
16229
29524
20466
24628
10136
33771
24088
8321
32267
26010
10470
25237
7911
8778
2058
25022
30733
29751
17902
6982
6823
33347
25211
3221
33310
32497
24257
32447
22608
2197
30591
27698
24638
18708
1232
16499
29492
24929
8135
11059
6539
20379
1481
30218
26235
22799
19197
18085
4517
16687
27646
32582
30981
27489
17153
27404
33081
20582
6964
32152
5508
31943
5210
29133
23180
22789
3136
11259
8369
23400
10120
29725
18367
7518
27492
6231
25468
10916
8576
23962
5413
10511
19135
15543
33477
27477
26143
27500
24002
29137
5363
28910
12562
11208
17488
7745
5867
26094
31375
14969
235
32653
13769
25481
16756
11904
16857
29454
29056
22364
9464
14376
24449
31150
23222
10362
33171
8208
8437
15495
28987
16997
26790
31317
29583
25378
11964
19778
7885
17110
11406
24877
5796
31900
27962
12699
20940
28811
4992
29805
17507
27191
1462
13760
26643
12135
14639
18840
29429
2900
24385
16129
15354
11794
25915
5507
29921
13738
14417
26302
25784
16182
6654
6164
3516
7908
6976
12960
1295
15871
26704
15057
20958
25749
14677
6554
8845
16685
23564
32799
943
20080
10989
23417
30358
31085
34050
23598
21724
17517
23624
6680
2174
5688
33808
21030
7700
27284
17684
5138
32947
21404
31090
16878
1559
30401
32353
2898
19130
23064
33821
18700
15424
25214
22553
9571
33100
10279
13204
23514
262
24303
8282
27440
33901
21507
1911
13942
2170
13099
12783
8027
33486
19619
29576
15166
24429
20637
30762
23301
5773
31417
7377
29988
9423
25215
25244
13768
1935
2064
28793
12566
13180
16074
21219
17043
8961
29730
31756
31027
18828
15766
11297
31119
813
33054
29485
22559
29864
15156
11814
8754
1676
28229
1047
4582
28824
5633
3301
21685
1912
7970
23786
19884
22762
16457
28355
27591
27877
31731
23189
8033
26470
12812
19743
23970
23187
363
5668
29495
5526
10096
19941
12162
31114
20517
11598
32014
21152
23166
32466
23274
29607
22006
15526
29774
13317
31754
33662
15947
225
31230
11122
29099
20608
19691
16265
28246
8295
19540
31409
4203
28716
27398
11671
6605
22569
18537
14307
26462
10254
6972
30060
10669
796
12774
7470
23181
24623
24499
30601
22208
15974
31183
33239
17379
9477
27374
25983
22385
34133
24857
33904
6350
12037
16747
30693
31330
9580
21753
11624
26540
18719
13588
29506
18023
6255
15901
27812
12709
29106
32327
8736
23663
27971
9602
27858
7161
9376
7037
8863
5378
32875
21175
16801
13440
32149
28609
6456
24615
26870
755
5
11844
24479
17330
20801
4950
23128
7106
15316
32377
18187
32603
26077
33873
20753
29146
12669
33250
2897
1836
7739
21644
28149
9221
9882
30489
25503
10418
31838
11235
12719
31231
9149
4625
18648
16305
28416
21722
1599
10249
10805
9059
20872
20383
34150
29634
22624
19302
17367
28726
18756
224
27977
9109
6151
16334
10473
12324
28265
13341
33976
24271
16595
6226
350
6546
28140
4865
32804
21527
17925
21595
20406
591
955
33485
19031
12702
7954
5945
31548
24964
16223
27707
13715
12683
22085
31028
28613
27790
6524
23373
13142
29807
16847
7704
27157
17818
10827
31775
20463
28871
27496
33179
10952
28240
18062
28585
14212
4579
19517
25656
13800
28197
6
4972
14519
788
23983
25339
30288
7297
14147
17874
3580
32137
24608
14396
16787
29296
25390
21511
26373
28694
24846
21080
16939
20100
32526
23874
21301
24743
31002
29052
29249
9367
28559
968
29628
25530
11652
8887
1572
11106
24418
9188
16113
8190
9082
23483
13361
20072
26491
25643
4969
19897
27540
27548
19676
8249
32097
14485
23223
5389
13544
21300
16079
30434
25658
10190
21946
17673
17973
6505
29451
14416
1618
19894
27310
142
12239
17738
31964
4643
8947
32098
14538
19214
30505
10617
1005
28434
16143
18042
30484
1544
31033
24619
29658
5274
14960
29121
23771
28397
26502
11398
24913
18596
6446
17406
21884
10742
31003
13788
22488
7641
22289
21994
26361
11243
25324
23073
3653
30931
17689
11561
10248
8502
17223
2275
5168
11802
18277
10310
23718
30914
32482
14877
25875
31359
33535
30155
32882
25578
26294
8957
14702
30680
12448
24018
25877
8730
22546
7304
2160
4565
26563
19609
8520
20817
26046
22646
29846
31087
13592
12344
9848
12721
18382
25848
4846
18778
32917
21942
33967
18409
24300
21765
12424
6054
15858
12564
1443
23687
28736
31761
32058
17486
18933
25566
16211
15622
23789
3717
25687
19530
27939
874
26323
19642
6072
3121
10504
21944
1485
15499
26550
6511
2880
12395
30190
30169
13793
16049
32285
16484
6415
10381
14476
18452
20349
20488
2234
14302
9324
31156
30415
21261
10178
31932
26114
26173
27692
23066
15749
25799
32241
28424
24785
30360
2182
22670
26512
19398
18184
15349
9197
4645
8281
10729
21498
8868
28413
33181
6942
27497
17285
30562
22941
15119
24962
30430
22522
7811
29361
32535
1678
15461
22594
4788
2049
17383
27671
27039
5998
942
3095
27439
25046
34109
11216
3836
34323
28324
27079
5237
28883
18169
29999
33947
11219
7263
8699
10764
30012
17888
20736
12224
14280
26732
2283
17487
12552
20904
20381
15063
16333
20738
31348
5523
31031
29844
28170
15408
1917
13426
70
6989
33551
2360
7044
21149
16740
5864
30561
29553
33022
5514
23661
29766
13716
32713
20076
31408
27840
33910
15369
1842
12972
16178
32966
28541
2715
26070
7426
26889
22506
19021
9111
21381
3595
20221
11854
25985
33252
13922
8512
20061
3140
14274
15616
630
32090
21182
25694
19767
13764
29757
30388
34328
23554
27139
25673
4127
27065
8420
23216
14191
8364
25714
5561
20812
18055
8698
4258
20420
33811
6125
5852
21235
24953
18352
18199
13645
15238
17297
210
33555
22066
11931
13395
22392
19509
28847
29088
26099
12406
8035
28649
31587
10530
10320
26131
3572
6307
10894
32566
28794
27566
31020
6627
31222
4589
18889
14917
12045
23980
2890
30555
29341
8078
12927
20650
4591
20175
4923
20316
30152
25353
23265
29903
3886
3588
32590
8731
31192
13543
27701
27400
1412
28563
140
4170
24346
20268
9191
17001
24500
4613
9298
11929
1698
29689
30509
7636
11917
14545
7789
19039
23973
19038
11890
10383
13818
16170
9469
7282
31648
26929
7667
33206
28666
32928
26839
15540
30292
5612
23452
11552
27470
3085
21895
15171
16294
9894
9616
2248
19399
29231
8728
34004
28469
3665
31448
2051
21566
32431
21699
24574
24396
2881
14224
13050
34229
21242
7536
28273
17691
32271
25874
28154
24160
27367
28897
33077
6447
28598
30136
7445
24906
17614
27455
10651
7592
12429
3285
21273
16475
18815
31523
33193
10696
12209
143
25860
1683
25612
9116
7388
22428
31384
17699
10564
5458
33142
19250
22231
10963
27001
27063
9261
13032
29337
1901
22153
2307
17460
25319
26499
31397
32521
29453
1907
4884
14288
28494
15503
31671
4761
8885
14377
27058
6515
30608
20624
28359
30364
27826
14192
23003
4880
8610
3337
19677
31844
5348
16806
18567
4765
7909
27447
20843
28393
33489
24928
18294
21867
25739
12921
22436
5321
8978
9879
369
31341
6163
3060
33537
13064
14938
30429
25903
13895
27323
24125
9089
7782
19289
32802
33599
9306
13446
19355
23304
9231
34271
21186
9644
14063
17537
13107
21580
3167
3657
15055
193
30487
17037
10552
33207
31922
20839
14036
10692
25535
15179
5646
17497
4195
23277
14738
31461
32499
7986
32226
9951
30463
12365
33552
4516
19267
12215
17516
30299
13520
16589
24982
4916
30258
27907
10983
6969
2758
13784
11054
3469
21760
31067
22560
33350
14080
10345
22885
27416
21703
31750
25731
29819
25958
23291
21132
15322
6363
25471
28779
14582
14090
19591
33628
12462
18132
6010
9916
247
20623
28387
23140
2337
19189
15649
23310
33366
28983
29690
10263
34148
15736
958
5377
18105
18704
10510
31948
2742
17279
32515
8085
7829
25287
29205
11076
19659
31272
22013
20780
19726
7629
26222
8949
7545
32039
11242
29055
27901
1745
15686
26342
18755
14951
15439
26874
22921
32919
2688
32093
28381
29428
29260
29741
21878
6031
32639
5960
4912
25197
29895
33357
25889
28509
32847
28891
30768
14337
7399
27469
15489
34077
32874
5469
17956
30352
27403
5006
3339
27978
24444
13690
34255
2905
840
29969
8644
14341
30343
1863
24652
34245
11887
26654
4229
23959
32863
16855
18020
31493
24141
12346
3904
1896
20261
29385
25963
4200
26702
24481
18018
19000
32408
30031
17686
14453
19507
5627
3193
3830
14374
33162
24790
30282
19794
10602
17836
11732
11623
31583
15004
6540
696
16384
10243
24609
13352
10402
12385
5020
29321
22781
17202
2201
13147
5631
17700
22298
21967
9567
28036
18507
11085
8891
3047
5416
18865
19461
8759
16300
25827
28347
20359
17658
27381
20827
28300
30757
26640
27068
27720
3612
8600
12910
6263
19050
9214
25377
6926
32166
28284
29464
28433
6234
15830
22951
9677
14195
8594
23935
11789
29629
32674
381
29271
20473
18689
7243
30799
18591
8107
31355
15113
17266
24372
30666
31456
1575
8162
3639
10929
9683
22128
19853
3219
3486
25145
12313
13430
28665
23727
13676
5916
3656
15893
22831
11413
20784
21985
2178
30935
23176
27800
23374
17244
2717
8527
32047
20190
18064
25645
27428
21389
14432
5844
16795
17184
31617
15596
17714
18405
25893
27342
18485
33569
30653
19633
17753
26708
16890
16058
10209
29198
22124
20846
19071
23518
27208
13100
4373
28552
20914
31778
21370
20663
9842
23733
10516
20148
19529
2155
27817
2109
9467
15005
10129
18920
22373
23008
22233
31424
605
7009
29371
11873
25171
6107
22386
18313
21407
31970
10558
14669
16508
24876
23739
5605
17885
26496
33925
15548
19160
9212
24222
20182
29005
26873
21897
12492
1848
3116
18525
26578
25814
8011
31968
14706
14293
15827
16073
8084
8586
1827
25603
34332
33869
29727
5238
22002
28790
2437
28264
21948
9338
27203
28225
28237
11874
1545
16100
28616
20329
17392
18130
4569
24922
28444
31381
27426
20203
10245
7875
32808
16519
28588
12679
17728
15273
22410
16312
3119
16784
16216
15310
26125
5775
16314
18151
3885
29608
1609
17631
17876
6275
19678
8534
16112
16483
24839
29019
3802
12
34085
12464
7321
21411
14354
33817
4410
17740
23320
30712
28479
27792
9505
7487
29937
16729
12373
21798
23185
32378
27270
10761
8254
28086
28957
33756
4738
26029
21891
31196
4789
33501
32902
23712
32168
31993
21832
10665
34051
6937
26957
5718
17427
12577
16146
18621
11899
4833
25594
5965
11990
31532
30849
23773
14045
20644
17008
11170
17478
2930
28001
30846
6425
22431
33950
15404
18978
10413
14772
31313
16044
21974
24688
12668
20205
15137
32576
29434
30943
8046
20524
15986
32295
11608
31342
25019
25150
20469
12752
30523
187
27089
28998
30281
20044
23670
28155
26426
6229
27596
8829
18192
8229
13879
16512
20596
2324
9345
5993
7344
995
28759
15216
12595
15557
23793
30124
24098
52
26108
28767
16888
24078
28432
5545
16665
3620
29124
22904
10734
113
1564
12981
16600
28827
3828
18816
14201
30040
12282
24033
21700
33021
7346
28041
23021
21086
20143
9369
25167
22928
24829
23088
28216
28200
9314
15074
13277
29913
1689
8243
26769
20482
9851
15899
22738
33245
26911
23457
5759
24948
13657
31130
14655
5930
14336
5482
8987
3977
16528
29445
26025
16498
23236
8324
20211
15120
9022
5781
16249
29120
6430
16134
588
25279
26341
33428
28337
27580
3762
22316
17403
7754
21871
14630
10382
25111
14350
19625
33229
28743
10620
11121
28162
13573
19908
31024
29033
3340
14321
19343
14966
25418
24612
23050
7143
16837
2223
27928
33629
8597
24000
33371
18619
30189
31388
21355
33235
30995
21598
19561
21184
18501
13974
6383
15168
15734
21530
20386
23650
27471
15810
29884
26279
23697
16764
22020
19380
8024
26945
29184
17798
9857
16694
25717
29239
8761
24843
26441
15854
1685
16342
14339
21552
31892
29537
12667
30070
31475
966
11714
14884
15372
33072
27000
26907
34205
25772
19082
11572
994
23758
12712
27256
33927
10980
20092
22647
15562
6471
20681
33339
10648
27211
14035
29149
7984
23392
30626
34275
18484
32935
7291
28437
33893
5889
27282
33491
4886
2145
22012
33620
27604
12134
3906
15752
6983
25882
11963
30419
22766
33326
22973
25583
32648
29234
30444
33259
26749
9943
20142
5040
3183
29320
33614
9223
28094
12582
25014
27855
33376
5034
8772
26316
34340
12994
29377
13813
11117
29153
18897
19492
19226
20483
30228
33064
16579
3798
13772
431
22092
31853
12793
17105
28301
34266
9447
16673
26475
2063
6999
23126
31971
9839
19460
10226
3203
27567
15530
11033
8646
5524
5111
25218
701
33040
25025
292
8982
15276
18586
23628
19502
8119
24009
19568
22759
32779
17045
15882
24124
32104
29489
12605
28186
23926
20166
8098
24786
14371
33640
12468
22042
25457
22037
10064
8008
8302
15663
16366
33806
29111
19298
4254
15831
22615
13416
27549
30300
25995
6035
8097
7224
12855
26352
29746
32693
28542
30795
13698
1737
26479
31353
23273
12407
34184
25273
5244
10847
10496
27290
19484
5743
9381
24626
4562
33693
9252
11991
27214
19926
14813
25780
27734
33176
10616
4914
19785
12235
18848
18542
5943
31368
28879
19789
33854
25157
28275
8100
34306
27518
13961
23354
25291
28377
19364
23443
27285
18389
30286
22507
22126
7588
30942
9039
5915
20141
29200
32375
34005
5863
3472
4396
8037
30941
24831
27515
23713
27862
23587
30229
18691
1861
25754
26935
29789
409
20327
27873
9452
7983
6256
4163
21821
5795
22045
822
1067
23414
31935
17288
19181
11747
7430
15475
7032
17610
32355
4641
14981
6278
5301
10390
17759
11866
2441
14079
4629
19040
31808
14257
3638
33078
28274
13358
21331
15150
14410
97
33791
15756
15948
25289
30252
29987
32862
25812
13548
33997
32977
1551
15993
25126
8326
6509
21260
18794
16567
31194
34283
258
33268
30015
28961
13489
27446
22312
12610
26583
30133
18703
31712
3662
16197
20106
3113
3522
10597
675
16772
17897
9091
26642
6997
19521
32545
28823
20620
27598
15835
13897
28709
17963
28257
23908
27723
6140
24745
16168
21119
30678
10219
13226
24361
31861
6100
22750
23428
10102
31338
13513
31745
23240
18643
21108
15214
4985
12527
25462
18014
18002
16691
32937
24925
430
18377
23209
18805
19319
10256
6421
25649
18137
77
30405
4587
33860
28874
12488
7495
24644
21442
11256
31283
9717
32071
29657
28622
20242
21405
22743
25572
21196
5804
29167
24350
6170
28900
22953
11568
8725
25089
14705
2207
13445
14673
26018
32116
31718
23654
22039
4
32369
28990
10423
8053
8492
18314
5129
1915
16188
16988
27827
7587
10374
27575
33681
24973
12057
15512
15420
24054
1700
12431
20635
20998
8275
21249
13741
19374
27584
25602
11826
26482
14270
32620
699
33590
8990
255
33556
25489
1257
26649
27443
23814
15282
23573
6865
19121
20424
23364
19796
16770
12035
17649
24467
5766
3740
13909
28968
32823
34231
18505
28113
3079
32539
28701
27926
8105
16824
16913
82
24073
23899
25981
23590
7218
29860
31249
19112
24191
29816
21308
25220
25968
20501
17858
32617
27605
24293
11659
13837
12934
2434
27816
13591
24810
665
25033
5517
29003
6651
17875
12190
26315
18760
26758
25333
18871
15367
26897
29214
27530
19732
16391
15593
28521
26388
26095
8704
30633
7292
18658
27510
5599
3720
21341
23936
8331
26206
21858
7849
7653
33445
17180
2241
22881
7474
21338
26767
32489
12072
8629
27064
16093
17831
17865
32501
13152
29071
18173
30703
22956
13778
7267
32341
15918
6221
25750
4150
28142
13766
7236
12291
8815
29352
15895
6946
31204
6542
13689
19315
20300
31018
30209
33579
19627
18125
7539
13072
22986
4576
33765
13514
24701
26635
10797
17679
30814
12277
13128
11740
3209
16316
31308
24942
20206
24286
9372
13726
20959
16158
5752
8156
17366
3108
19406
3686
24602
27722
31289
24219
24902
17830
8828
18767
22054
32337
22833
22797
31702
5768
15438
28699
679
11198
3144
29936
16380
22528
13215
34197
16014
808
15919
26988
27071
26233
14169
32314
20085
15747
25838
5950
20104
12933
4898
19629
30976
5173
27294
3477
3782
30032
31849
9253
32715
32683
17068
30617
7171
10193
13335
17747
16640
30447
31615
18000
18987
20807
23343
33955
1181
9678
26597
24154
21107
21397
3541
18530
30353
24320
19396
16926
4671
10717
3275
25918
28575
24778
22158
28115
34156
31302
28022
18900
11257
19636
24012
29199
4662
3074
17824
30113
8973
25108
21016
16085
29772
181
11850
353
19923
10711
11683
24490
25548
31686
30636
31789
13515
7123
3043
29116
27386
19394
24333
16496
16511
23775
14830
20631
16783
17970
9667
19554
7385
11411
26504
14204
14340
9007
12971
25575
7863
10881
26981
28834
33779
32150
9883
32430
22959
9426
3521
11240
28357
963
14135
21465
13692
6022
30382
24633
21995
32197
17187
13655
21725
7215
17651
15673
23699
25351
20653
7046
20918
20223
2062
21156
25890
8938
347
19708
20599
28158
24327
28602
15713
18635
12418
18355
33794
22952
22911
17943
28825
19910
30536
27327
22205
10464
33458
25107
145
9826
22187
16474
26355
31356
31812
1610
21155
26931
8338
19390
31436
23063
12955
8495
9888
4087
25792
27857
26710
33861
31552
10350
31413
22046
15043
6083
26272
26861
34321
1839
24627
11412
27223
10547
16231
18563
28921
19254
13024
26566
28129
26184
17570
26124
22923
7598
31660
9948
8128
5411
12410
33819
31665
7785
28052
26876
29082
2713
15413
31753
30344
8406
22341
26020
27474
22307
10951
9619
32987
17828
11665
25660
8883
7762
33450
28604
19422
32975
27568
17465
18851
32772
7296
28191
8588
12079
9840
21550
34006
32439
24147
20047
22064
29388
3554
29809
24587
27798
28545
24659
4667
24789
17775
10411
25964
26296
25862
13531
13413
13429
9210
32718
25227
19176
30927
28511
19988
15135
26174
29668
11247
31673
28989
19067
25186
29841
17022
31926
8111
23695
3564
10342
19755
27755
2730
21277
13640
23941
26346
30863
18445
5408
13604
28601
9705
19287
20310
7546
8096
22108
31083
25305
1708
28866
30521
26815
31372
13079
2772
28550
9422
20724
27602
12052
15655
19251
17454
26065
29021
31447
18065
23423
32062
27532
17627
5308
16739
29713
6965
25459
14875
7416
30432
21783
16159
1946
31006
20706
32830
10791
32189
28956
10461
33399
4156
19511
2192
27358
1592
26252
28948
23750
32551
28468
32652
17768
26819
20616
21316
22626
30620
24515
32159
19286
7118
22991
7924
10092
6132
17731
18295
25879
29135
14427
26208
25405
3895
26752
10179
32908
3484
14781
824
32554
22137
32134
27299
9352
31623
30577
16718
33332
23283
16364
9055
17146
23957
13753
21078
28005
27309
26075
22080
30049
32070
3967
30709
16856
8942
15969
27138
20317
8327
32899
26307
14527
621
8304
12620
6599
21019
13957
25079
7479
25841
31732
26548
25201
26652
19234
12031
33492
18759
22191
5888
3504
20173
30625
20059
4209
25702
8628
31118
7712
3695
25321
32498
26852
29652
10454
6618
26656
18562
800
30920
19898
14967
24569
21970
24485
32345
10070
18592
11379
33616
25357
27884
31376
17430
20134
24521
16800
31016
14985
8386
25817
257
25565
22749
6172
23044
26132
33446
27676
24042
28503
8508
26985
975
30887
3512
22453
9127
16002
23260
3287
29811
32621
7784
8746
19587
3811
13774
28728
10462
21084
18952
13754
23281
24537
3109
14059
31462
16758
6135
18489
23138
2143
20928
13308
27057
8931
14537
27615
9605
6142
8309
5110
9335
5446
20933
20851
4381
5676
8880
6253
33019
26541
28804
30798
2444
4831
798
32325
18346
32089
21862
19909
24814
6248
33435
23165
14300
8349
26393
32661
17662
32187
9297
6271
24600
22376
6861
24016
32694
11107
27295
9600
5227
18620
21185
21160
18908
17182
32880
19186
15183
15303
13888
12848
10938
13743
5647
13908
11416
33378
19965
24768
6152
27577
13471
32680
12632
25756
13835
21213
25059
31240
29994
10857
11125
32100
5757
34272
4590
19363
33364
954
26926
32311
25231
28777
24450
29706
23698
14356
29605
9537
32990
22924
32963
28223
32806
7990
30001
8709
32700
13423
32095
21993
28491
11795
23308
26939
7024
6019
24761
34059
33875
20587
9875
11590
32677
5667
16707
21092
12481
6316
32615
19637
2061
3098
6303
12199
27043
20606
30458
22822
18176
4755
9057
22648
22597
219
33148
25277
10816
22875
29625
19037
18510
14726
20075
16524
25653
24055
20988
14940
10332
33938
28474
30774
30219
10419
24586
22731
4577
2435
28415
9402
31653
27288
33140
11038
8340
33749
19061
19589
22144
30247
23433
27920
31846
30206
25496
32845
21815
33225
2110
29678
3970
3774
7342
30507
21517
15698
4907
28750
10299
10225
21920
27209
16332
25639
23287
32045
16656
18408
5224
14230
31879
8656
26920
12775
33536
13386
32568
5928
22331
23785
29058
30659
30781
19243
23811
7595
5510
13899
32956
21697
7278
4380
30456
8099
32108
26802
6923
6300
5720
18074
9925
8936
15069
25741
17794
27112
11927
12648
24123
20980
4698
7839
28996
8375
5298
20260
7920
17944
4836
32208
20601
6413
10811
6858
21339
13852
29602
3254
12579
12575
13699
23898
33676
29837
20989
1701
29647
7669
21104
16745
18133
15202
14237
31200
27558
3224
21597
31539
27150
228
26573
31873
27424
7857
28748
22614
20042
29343
28632
10265
17997
12963
17200
30120
24313
11998
6008
12240
10567
16881
9177
31886
5383
34014
26152
20986
33867
31398
10854
31491
19229
23068
6412
27504
25374
29085
21268
11919
6289
11556
34123
21679
32046
33677
9137
8257
33271
22753
18366
15600
9928
28725
11234
16887
33234
24758
1460
21120
18434
18082
10663
4904
33383
34295
7732
13444
7738
3524
15078
22939
10601
15978
22367
15807
20763
31662
4176
9054
19622
5677
33211
17736
25082
11430
7530
34280
24188
14821
20053
31414
25141
18686
14701
17713
17209
21087
19933
10260
21812
23022
22937
15572
27269
16754
2419
13986
27087
16535
15609
22619
8943
30493
24736
8223
18063
957
23196
4758
32640
7801
21716
11225
26006
3084
22971
12948
21003
22155
11159
3756
18701
5157
28577
20442
15058
18045
16840
2421
8715
19524
16798
26370
18613
30069
15453
29521
15509
28209
27793
1718
17978
32702
10216
17790
15306
29557
20385
33713
19428
11859
27669
31324
6346
7101
5322
6428
14778
33330
10431
12056
17196
7468
25284
172
22870
32580
6502
18649
10055
10705
16836
13285
19750
21452
6432
28880
5268
18439
8729
32519
1635
226
28696
16183
25292
25767
8717
33359
6254
16769
8669
11806
2320
6012
3107
19117
14002
19113
30764
1692
14542
21254
13694
21659
15397
9931
21645
33851
3468
6944
28778
33340
17327
20125
16246
22767
27030
27652
28171
9668
16812
15887
20043
19415
115
5714
10484
21975
32211
32955
21548
7776
30992
3766
16990
2442
32536
25681
8847
26524
32289
19194
18818
14717
33144
29974
20155
14628
25113
1413
17341
17654
33092
29224
31075
33044
21694
12583
25499
13056
25011
10183
33731
26104
17014
26683
18549
20144
12143
8020
19901
13833
15039
28236
16121
32591
30100
28554
25555
7372
28475
18154
10450
9909
3650
31350
13880
2755
11867
28222
10222
30225
28408
12188
1003
3840
21836
6175
6884
26243
24184
11715
19353
8371
15112
5144
31700
27818
13968
19401
10138
13495
33318
8296
28547
26757
7794
28515
34107
13730
28313
23665
15881
19739
30903
15463
13303
22344
9436
20325
439
8614
8605
21908
17466
21869
1539
16192
12928
33041
30455
30829
27916
11703
32087
28876
7418
10744
25445
7180
9830
1704
26525
31610
32564
15731
23353
5203
3761
25507
27107
9067
30473
1723
14478
12546
29581
19046
26254
20776
25372
32252
16383
20258
15326
24438
21026
32335
26886
30673
24254
22435
7246
32584
15615
23202
14584
34031
26774
10553
8861
10228
24304
24063
1862
11036
23245
23667
28583
29773
19795
28394
12266
18754
9871
17539
27006
24693
18599
31894
1474
17060
30928
10177
9215
10445
22526
32305
9549
1231
15257
29422
16115
5782
13283
3111
9921
32672
26195
34052
1927
12907
32167
8235
23929
15674
8401
17017
23641
28121
13299
23819
13463
33167
2774
23276
4751
4848
28903
19665
22197
26740
17472
26634
15659
21917
32191
23402
33443
9025
32665
24606
21562
31128
14621
29840
21052
32432
21395
28002
2312
22027
30354
18266
29410
5486
22104
31921
17335
12178
22359
22657
12804
15062
30586
30548
11684
17582
10095
26154
24808
3320
16917
27315
7843
5632
11897
17732
4987
25619
11892
3534
30305
4747
28020
26267
18166
25438
2059
24780
19683
29226
30852
8172
19504
29830
31664
20607
9195
28810
31752
24472
17939
30182
7239
25338
1409
2741
30532
25881
17927
20319
25568
15757
20015
25590
1586
4528
6420
27882
23689
12044
28109
27944
23012
20375
30265
13167
19290
14792
11853
31580
3523
7533
27638
1237
10385
29792
19497
20033
30683
12034
18569
29463
28807
2693
4365
32645
26786
34222
24589
9013
32850
22814
5840
25165
12186
4918
16180
9612
26017
14324
25288
29560
10393
4601
23622
19103
27411
24061
17675
24010
31714
31060
25858
21603
4544
14956
31303
32068
29685
23079
4558
26382
15445
14031
26365
2423
28438
16699
30114
29599
28868
341
8694
14784
27160
23796
22732
33499
21991
20734
9577
22114
11558
15989
25998
21919
18626
33887
11860
20283
20803
11877
21212
16805
9622
18206
4165
977
2708
16768
19361
4983
31134
21440
26927
26892
19729
22146
23862
14088
31566
30011
32317
4630
12631
20712
24423
16766
2172
22278
15468
29074
28156
26605
32181
28877
7815
26178
14419
15109
16140
22326
33683
15603
6173
11817
26816
12707
33989
33733
31994
17924
17000
17779
807
8405
21289
15284
28489
25335
17509
26703
29468
7737
17591
22558
18738
5653
16175
14452
33881
22250
29740
740
12368
31995
17710
6014
27689
15352
15248
7350
33060
18043
20101
30747
23082
34212
33451
3647
23790
29661
6190
30154
15761
34287
23251
11968
32340
18616
3122
6648
13278
29587
27382
10233
15888
22503
21559
3752
8379
703
5016
2230
6943
13631
20454
10422
33943
10814
9628
14557
23257
31865
34041
33367
14953
17227
23645
15222
15561
27287
22671
9071
25329
15079
33577
32765
27834
25966
29240
28166
18381
30348
5703
31238
15964
34282
22000
23214
12216
7853
17941
33661
15182
15825
3916
17353
33571
11606
26770
24284
27894
31306
16650
33763
9330
22391
22125
1876
30381
22073
18921
33073
18005
30911
22900
17012
19879
28901
25978
6395
31666
22393
15448
2420
33631
18372
22651
8899
12958
14893
4360
16560
30933
3578
7872
18354
12378
30679
14273
16356
31904
33048
8271
28492
16547
18736
9393
10447
5213
15999
13369
15480
10678
33496
21479
20702
16322
23716
18378
10994
1587
21888
12363
10311
25137
21616
28689
22698
15357
29547
12091
18533
1887
5823
3336
34151
24543
1577
30886
30090
26145
12651
9728
20821
21089
4951
15204
16293
21231
6845
26002
14762
32837
19515
18278
17661
27949
28184
28973
3601
11196
20614
19440
32853
1652
1590
15812
34049
23820
32451
22997
30631
24457
6995
17148
11793
26765
3501
22030
22065
6419
10333
4084
10518
12118
20230
34138
21816
22492
9588
3325
6455
10085
28625
4411
15423
20390
20307
23464
14924
2216
27595
5557
30580
1563
11174
29675
8164
24246
6352
23191
15002
20151
1410
24356
30538
28741
26473
29887
14429
13985
21481
9077
14006
12273
26101
23651
25455
25135
359
14398
33437
5772
5504
16361
30861
27819
31882
6066
7434
30127
7968
11000
23930
1251
3494
33738
3328
27574
21066
18160
22539
3888
20641
31144
21333
8860
6264
26680
31907
30978
25428
34259
125
33793
17959
20750
32676
20490
4655
19136
21819
8122
23183
32266
32130
5004
15301
31895
10353
12765
32913
9629
23678
20511
17612
14492
13349
33324
29504
5603
17589
34210
28873
16302
7320
19337
23107
14962
203
16618
32503
19983
9721
9034
15155
2300
23002
26087
33034
33115
26453
33011
27395
2927
7114
22172
16363
13071
20412
22835
28152
29631
24337
23923
29595
6233
6825
23766
8015
10457
19225
30991
32028
34327
4537
5857
22446
26142
4100
19650
16526
29363
13545
17645
9593
27289
7847
3259
19258
25269
16405
24137
743
22607
33393
698
15896
4811
20384
22438
7017
19584
4773
17205
16111
1806
26714
31828
14222
10508
29366
20344
16451
8442
31517
27042
33519
16151
18711
18394
18478
18431
11599
5025
25745
31545
29201
11049
32016
2215
19882
29509
23415
24860
29102
16546
31465
30891
30389
3205
30677
33238
6977
23696
10056
16330
33747
31216
20978
30607
21017
3896
16271
999
13452
24053
21707
23007
21180
16797
2233
32405
30119
30549
19184
23451
19813
32820
23009
8140
11212
31998
34325
26626
31175
7720
8101
13331
5199
25431
27494
9837
30132
27149
29985
22770
6950
17333
31669
2702
21095
846
27629
31960
13921
24291
30847
15880
9257
15072
11569
32624
19757
15317
1852
18158
30622
14827
32265
11385
29710
23817
27618
25373
33754
9143
9327
19217
5990
11133
17835
8654
18016
9032
13077
29370
30880
11193
32851
12285
25872
14402
24558
18641
8570
15188
12028
14331
25494
24818
13038
19354
31415
24563
24401
10059
30051
17239
28227
34007
13761
31009
