3784
5405
7251
9212
9439
7753
10765
2173
13836
5032
12231
7389
1668
6586
13724
7329
7263
868
9902
8436
9125
2413
169
8365
359
7923
6835
11717
11064
4199
12254
9252
3038
5662
7473
1664
8205
1627
8563
8760
8633
5599
2434
11169
9312
6928
11515
5615
9205
7754
5516
5414
12181
6310
4038
7739
12175
7123
6156
6140
1770
7958
6904
13456
6607
11734
13421
6712
5601
6313
6847
5981
8844
3884
8347
5667
12049
5610
8884
2917
7171
5109
3609
9065
5397
6645
1562
12486
216
8276
11512
10059
7501
8134
2500
11461
9418
5080
3746
10145
10308
7971
7532
13399
7148
7978
4547
7064
8031
3838
5752
7110
5106
11444
13244
894
6063
2556
7140
9693
7041
6044
1671
11021
7833
7396
9606
794
9499
6917
2164
9522
13001
4269
4638
9821
9381
4540
13822
8612
13743
6722
8285
12960
6660
6339
7694
7307
6833
11748
889
13811
9711
13536
1932
9935
11990
4196
7134
9299
1949
12222
13904
13248
7075
6256
13755
7652
9534
3079
3900
12656
7810
5979
6202
6117
7463
6966
7636
896
12208
6787
8019
8897
6588
8249
2417
294
120
8837
8165
8161
785
6690
13816
4805
8150
6788
9652
8539
10850
9604
9492
4672
11677
7012
10427
8652
1180
5059
791
3070
849
8521
7146
13105
10376
6947
13034
8881
7654
8621
6946
7757
5244
9826
9369
1614
8078
11786
13605
51
9734
6766
329
6316
11357
3892
6806
969
1866
7103
8004
5296
12951
5008
6776
7709
3695
9466
7711
5611
7266
3307
5117
5503
7861
13903
6933
7334
7481
341
7178
6215
10742
9241
8264
11982
13704
9962
8812
10525
4337
9225
163
6544
992
1659
2704
8667
9623
6720
7404
7534
6207
4349
5084
814
4024
13445
5523
4795
4006
6747
5152
6100
8932
6567
761
6711
7787
6866
7880
7638
9006
5103
8533
1206
9136
7631
5306
9905
4027
11321
9005
1080
3049
3562
9789
4189
1549
91
4985
11788
1780
7149
9588
1575
6583
7967
7720
5423
9216
9020
7840
13453
1076
6130
8537
6083
9127
13337
285
5577
3566
8493
5679
3585
5266
1756
8913
5736
1166
7114
9780
3938
8153
12698
1153
4968
9675
768
10011
8438
7647
13554
13874
7426
3416
13631
9428
12156
8917
6361
8478
11804
8192
8151
8821
205
7714
5464
11501
6145
10474
10188
6818
3561
9540
81
11333
6793
3794
13072
6308
6941
10347
3726
11435
3027
2822
9871
3729
6115
9262
8481
6877
12470
8985
7584
7170
8448
5524
9419
2745
5145
4999
9192
3926
7939
845
6026
6876
56
6972
5565
2927
2879
844
8474
8959
6977
8413
9809
8091
10363
9853
193
9886
11091
13433
775
2237
13196
10158
2308
8918
5888
12557
3216
12669
7141
121
8390
13269
12735
9173
13705
8818
6317
12196
9580
13728
6107
8628
4591
2979
1504
6314
7344
8938
7722
5077
1167
6610
876
13810
7898
10339
1610
2408
9233
6629
3570
8026
8007
9649
13632
12375
7275
2432
7137
5649
920
6002
138
4537
10061
12032
5820
8346
5521
10026
12182
5454
9957
7918
13316
1157
9834
2468
9916
1581
6051
2742
5444
2982
3426
10097
6244
8851
8241
9748
11533
8108
5972
9330
9533
9806
7591
7254
4034
4673
5261
6222
4561
7456
8823
9625
9168
9919
8927
6098
13021
4976
869
13012
8128
5586
4967
7372
9450
846
8759
2723
3341
13805
1675
6960
8174
10153
9694
6064
8217
13448
13418
9875
8164
11513
4240
4467
4585
8431
3475
6902
6230
1113
6584
9539
8889
6203
11634
6631
6856
9931
9046
5562
3305
4165
5502
9031
9576
9548
9802
5919
12444
7351
281
7080
788
7005
7937
1628
1653
8546
57
8604
6359
5566
7872
7639
8832
5764
7628
4613
6131
6356
4194
2393
6907
9915
11023
12304
7899
5812
6958
12207
9120
6084
7375
2398
8924
6540
8309
9446
6165
3040
13388
6707
7469
6880
9333
13888
13511
7220
6557
6398
8909
2918
6875
7808
8191
8634
6491
4887
8230
8423
5105
5305
8086
8793
9491
11349
971
6752
13769
7871
2396
12012
7405
2544
5366
12282
7889
6282
7092
12280
11466
8993
7505
13683
12244
3425
9754
7734
8399
2526
8138
9775
5383
8340
5989
8388
10436
2266
9672
12005
11090
13859
6055
4021
5797
12258
4448
13793
8524
2018
35
8482
6939
5775
6046
2371
84
2975
4970
9777
5276
13424
7273
9603
7657
13878
9049
12030
13737
9594
8244
8353
6754
6499
12617
3885
13593
6323
3896
1184
3604
8418
7681
1766
7847
10047
12064
2298
1566
7796
2457
3175
4381
5495
11102
9768
6615
5747
4533
910
9572
9103
5807
7960
1656
10379
6343
7236
9145
8758
7081
9134
3053
10858
8483
9228
9845
7884
9832
9261
7952
6103
83
13767
9030
2520
11146
3789
10378
9116
5927
6217
7853
12183
9041
7431
6840
3480
5809
13913
13920
5614
13090
4239
1615
2436
9758
3582
8100
6591
12653
12692
9160
11950
6223
8348
10494
6728
7309
5367
9569
10851
7165
9242
12585
4736
12245
9503
5969
921
1873
12228
4833
2260
9069
8456
6171
4267
4437
4029
4232
879
6335
3707
4214
9370
5808
8197
13579
2913
11504
9536
5358
5313
9163
7306
8802
7820
6828
5031
8370
6102
12845
9854
5022
13907
6549
13770
4550
6716
928
348
5406
1188
6311
6969
6655
10146
4969
13235
6520
6697
2746
5968
10925
6795
102
13821
8323
7330
8883
1197
6606
7087
6481
2220
6428
5330
8181
995
85
11503
7060
6701
7412
6768
13416
7773
9382
8957
9217
6868
5076
1069
9712
2353
11026
6247
9637
7248
3523
6897
8961
3029
7117
11356
9868
4773
5743
3862
9624
7513
7626
9209
6953
7228
5977
6014
2312
10163
9471
6538
6328
12189
12139
12160
9393
6132
3357
9044
7216
3825
13263
9159
7594
10854
8171
7365
3275
6122
9133
1733
8487
9863
10143
9920
6945
986
460
12221
5659
6548
9684
2772
12214
7247
9798
9391
9645
8477
4992
7974
6158
1771
9681
7815
9387
8094
9942
6938
7230
9566
4291
6906
8798
13552
3390
2163
6381
7386
8115
8747
5520
6881
225
1600
7605
6197
13097
7792
4864
13795
3554
7954
4286
10430
7343
10175
3568
8549
6834
13693
6508
7337
5608
72
2310
6685
4229
4614
5204
8578
5937
3412
5385
9118
9129
2717
6332
7445
1275
6492
6183
6665
9642
13057
8576
5000
682
9518
8159
7834
1592
8374
9774
9204
9618
5665
8373
4521
7040
6824
6384
4981
9975
9237
7876
1637
9095
13714
6773
4068
8629
6539
12920
8613
1168
9870
12466
8719
6324
8189
6602
6126
6632
3377
9959
9500
5025
3944
7849
3865
8344
8849
7982
6162
6694
7590
8464
6634
2836
8422
7930
3781
13192
5950
4913
5925
10015
2852
10871
6172
9180
8095
2159
3920
5938
1621
7956
132
8681
6318
6259
9842
5263
5400
6435
6927
5687
7212
8772
6729
9841
7921
5115
9290
13735
5460
7627
8608
3594
12281
7280
10179
4522
3077
12274
5466
5941
7975
12553
8118
1606
2799
5426
4703
4439
12055
6750
9084
12932
6909
9702
8616
4441
4406
9092
6600
7301
79
9002
834
2731
8973
4889
3787
6022
5432
12682
8646
6559
9599
8305
9460
5959
5094
5681
10798
6819
9698
9026
4559
4551
3058
8779
3360
13302
9731
12367
11803
1061
12268
12443
10927
3818
6009
69
12174
8429
9353
6284
8902
4569
6093
8017
7671
10481
10802
8284
9326
9656
6714
8337
6133
7292
5913
7603
5596
12697
7578
9654
5332
8768
8459
7673
8912
8780
12157
8283
4922
9397
11098
5478
6718
6008
4211
99
1101
9714
1586
4528
11532
8414
3608
4219
9708
1142
6745
9158
7799
5282
2545
9528
