6301
6794
9218
4389
6195
865
2343
4113
9657
8442
7019
6805
3644
9545
10368
7144
9097
9947
7048
13875
10161
4542
11318
1589
1871
1559
13898
2919
7776
9697
5755
8480
5669
5629
6671
9746
7737
7745
7618
6270
6619
10041
8845
8371
4909
7233
5108
7908
5570
5001
7649
2912
4030
7601
4447
10805
9844
5672
2224
1598
9017
7785
7780
13319
7021
8767
2812
1611
9222
8420
8788
8002
8825
1086
12857
2761
5344
13024
8301
5222
6790
2254
13856
5965
9071
5541
10820
9673
1948
3744
4774
9365
5398
9191
9597
7905
9077
9855
2729
6541
3542
8931
8804
8396
8978
8836
6054
13889
6883
5776
6514
3780
8417
4270
8003
11319
12033
4884
856
9857
11485
12938
13523
7415
1565
5700
12023
6604
7312
13762
7760
6709
2830
2841
344
8863
6337
8096
4877
9146
6199
9713
13865
1617
9406
5640
12733
11796
6329
4093
9220
8817
8942
3666
5073
2805
8649
12459
5424
9791
7009
878
4339
1595
7856
8858
6691
11831
8379
13555
8748
7644
3186
9833
9457
8683
9852
9940
5272
10354
5304
8531
3208
5740
3803
9285
4209
6825
10355
6186
11326
6755
8476
7491
6923
7476
7492
9943
9293
8377
10818
783
7154
11714
12138
13623
973
947
4548
9715
3583
7434
13170
6354
6201
6621
9100
1920
13768
13736
9449
6555
4427
82
7298
6743
1937
4170
8654
4973
13429
4644
3482
5241
118
8297
10982
5918
5020
3717
3273
2817
7450
3065
8274
13091
3795
13777
8021
13459
7495
8380
5083
11337
9583
13427
8720
11431
11951
7176
6099
13742
2730
13363
11300
8763
4329
9035
1912
8528
2728
5421
5746
7599
1765
5792
8221
2732
6228
13642
12689
13396
5436
13541
7479
9195
6543
13758
7969
9741
12738
11168
11777
12465
7308
9636
13911
9783
11093
1572
6190
9898
3876
7510
108
8777
3733
4737
10128
10043
2835
870
8509
10181
9281
7721
340
4545
5617
7656
6973
13054
11650
10681
8247
5676
4419
4014
10083
1095
9433
9435
13449
5508
8662
4248
7819
1773
4198
6699
5357
9480
10429
6689
11138
3441
8451
11399
8185
11347
5427
2263
13502
2978
8948
8969
8362
12445
8740
803
6045
4396
6088
10487
11498
2962
5609
2161
13095
6160
9389
9436
12056
5688
9836
4750
3073
6030
5823
8158
9648
7934
5534
11841
4290
6163
6962
9207
8412
6803
66
11749
12112
3415
8304
848
13251
7323
6040
8517
9867
9869
4664
13559
5648
13817
4903
6141
9394
2268
8326
8486
11010
8289
13760
3725
360
6187
4881
8677
358
9036
3356
3807
7235
173
3724
4241
7065
2429
9622
3369
10149
9524
10801
6119
13763
9074
6924
4706
5075
8328
10758
9827
2762
8140
2720
3279
1657
8447
8904
851
10132
833
9366
13205
6272
10190
9510
6860
8101
7483
4013
7966
8741
1686
12526
9923
6585
4639
6060
4039
6493
5701
7225
11432
3710
11836
4763
8635
7663
7723
7825
3198
9619
4435
6033
3613
4321
5988
8211
6552
7729
9664
6041
6708
8617
5830
12240
9526
8472
9705
3368
9955
6034
8453
8131
12811
5804
7057
2737
872
1579
5548
5946
8926
9615
4625
769
4434
5136
11012
11652
4338
9161
7917
7795
8287
2201
4552
6529
8564
13232
6674
5148
12057
11100
866
1787
1553
7187
7138
6154
11363
9476
6498
13819
4755
6967
11711
8093
4392
12295
6575
813
9208
8263
8816
10154
2657
11750
9542
12554
6178
178
11536
467
4910
6820
8782
854
13003
4382
10793
5137
5448
13225
10759
7573
9824
11130
9801
2443
9565
4283
3525
7260
8070
6869
11314
9019
5309
13855
4553
8610
9193
11364
10046
1647
6737
6931
9344
2736
4188
8651
7403
13733
11793
7511
2569
9513
8378
9630
9463
7121
9938
6661
6531
6759
4954
2389
8569
3642
1740
1861
9235
11965
7914
8460
3828
4139
10038
7878
7151
8012
5552
6725
9345
8547
9747
887
12454
6038
4912
9614
6161
5787
2531
8846
8639
13332
9395
7297
7613
13348
6268
287
13784
10690
4830
10357
8627
8787
12495
11970
7794
8726
76
11829
8444
7748
9727
9487
4839
9080
7658
8876
4167
7475
6791
6062
9102
6693
5507
6920
5603
2518
9739
510
6446
7788
95
3806
930
7993
7543
6143
7157
11834
5268
9075
7545
12678
4318
9093
5518
5104
7416
5633
5644
6004
2281
11184
5294
385
8834
4204
1149
9543
4310
13002
2352
5289
10482
2984
9804
7504
50
7489
12686
4677
2205
10791
7305
13070
9464
4028
9838
5430
3018
2294
12685
9925
8710
5971
5794
4213
12615
11481
8671
13285
9462
4810
8072
6094
8116
5071
5587
2406
4289
9858
9243
10142
12661
8237
10383
7989
7487
10120
10341
12161
10036
7108
11089
7623
8387
8225
6568
7139
7332
1632
8589
13901
7460
9674
12620
6024
156
13894
9408
6935
12961
10254
9073
10929
9591
5559
13048
7579
11075
1212
2754
361
9011
12604
6077
3358
9176
8714
7941
7643
5984
3206
3447
7983
10467
1094
855
13098
13766
2550
8933
7551
6216
862
3600
8590
8214
7049
6612
7924
5064
11408
2532
2156
8595
41
7466
5404
3936
9085
13009
11403
7944
12989
8984
463
5760
11733
12453
8311
6286
4445
5757
9945
11981
5682
7028
7995
5730
6101
8755
8857
9544
8489
9417
4870
9511
2509
10787
8470
9888
1962
9128
6624
5382
6018
12010
1639
10370
13635
13897
9557
9911
1755
3476
1862
8505
5993
12448
772
328
7257
8751
6087
13451
7468
996
7686
9620
8905
11474
6783
12232
12368
9555
8632
12621
12884
277
3347
6603
5142
4442
13327
12645
3022
5983
7000
6344
6039
12034
10031
3912
8501
13650
9530
9461
7172
11018
9659
881
9813
6031
8291
7699
5605
6255
9793
13601
5990
13708
8080
9665
10124
13446
9175
8426
13813
3478
8210
9909
8345
8439
9639
9270
9658
6957
7119
4657
8188
13367
63
6167
7328
8746
9401
6940
7300
8555
6001
5670
12829
13785
6609
10131
1152
6237
8541
2423
9109
5579
9782
2946
5242
6565
9410
13164
6139
497
9403
13450
9174
3060
6182
6765
9797
7683
8367
4571
12964
7873
2752
7679
4817
11530
11433
11996
12036
1789
7822
12926
12796
5939
2718
7806
9111
7728
5540
9831
378
6059
6249
9227
36
13891
6844
5962
3286
9506
3596
8647
7017
11830
12042
980
9384
12482
12700
7630
243
9960
8495
3701
4637
3364
6081
8243
8936
5620
8807
9107
7516
6426
3723
7985
12629
9765
7265
937
6696
4579
6074
6934
12065
1179
2831
9558
12122
12702
7589
5409
9828
12041
12590
8923
12668
7136
7444
8223
5098
6091
944
12169
9913
3835
5401
7928
6374
1057
8848
5737
8206
10808
12696
8581
13786
5632
7066
7651
8743
7642
8996
12631
1790
8142
6056
3708
9688
6125
7470
8890
3292
6192
4201
12216
10797
9899
7454
4899
7726
10164
5705
9234
9596
9157
5921
8958
5197
5476
8117
13877
4584
5482
5125
985
9617
8998
1956
8232
4822
8814
10150
8660
8209
5785
9937
3082
9181
9094
9245
7979
9601
8770
6814
9221
9988
10484
5494
2713
9277
1056
471
4504
198
11358
7581
12289
8375
10346
6345
12550
3956
3559
4502
6956
8350
1577
5246
11809
8318
7419
1156
7761
7624
13895
2377
7221
7742
11735
7994
4035
9808
9766
8009
1954
8545
12026
7800
10380
8458
7358
8577
8218
10862
5634
8599
13011
8499
3833
9357
13425
6265
194
7168
293
7044
3409
13709
7580
5675
7271
11335
7500
12179
13588
6991
12238
7678
5622
11627
11469
3751
11775
10825
1185
6751
200
7703
2197
5535
8316
8896
3757
8778
2180
8624
5575
978
6366
12204
5373
7893
1650
10160
7560
1196
7381
58
7586
