7162
2150
13607
8364
2976
235
5929
6383
1781
5088
8830
6106
8018
8454
6664
9822
12950
8928
5571
7855
6654
12474
7768
8235
9206
11752
13726
8324
3714
5488
13061
4996
8236
6241
8728
8014
12028
7160
9550
9201
4897
8124
6271
4428
9763
5553
8437
6882
2151
4959
6778
113
5028
11445
835
6234
8607
8894
7693
4563
4768
6050
6758
5110
8013
8391
11514
9631
8258
7189
7130
13717
5069
8141
9459
981
6675
1860
9117
6003
6979
1593
7838
2311
9114
4966
3181
9223
6275
1623
3333
13314
9835
9755
10203
5593
777
7859
11483
12291
10696
1073
6915
5651
12987
13239
6057
8742
4304
9742
9338
8556
13866
5664
7192
3709
8446
4454
1868
8618
506
12298
7844
7778
913
12267
13661
1558
12300
13193
11096
7261
7650
7277
8312
8573
10956
1911
6497
5299
8893
11480
5922
12677
2579
12701
9796
787
291
12299
7689
5128
7281
8986
2392
4787
2264
7546
9219
3280
13830
10201
214
9701
11478
12963
13462
12293
8754
1044
5536
5477
4834
9744
211
13277
8204
9885
52
877
9907
8184
9602
8992
5038
5005
9771
54
8514
7524
7038
10194
4811
12683
8432
6229
3575
2251
4053
1137
474
13253
3560
5572
2494
177
9541
7070
13071
6409
12846
12016
907
9060
7755
8385
8559
13764
9629
5513
5194
7997
8196
8831
5689
9210
12310
42
5991
8246
12494
7883
12167
6577
3042
7990
11423
7196
7494
8585
4727
2380
3819
9562
7629
6250
7527
6124
12569
7731
7315
9823
3937
8498
8107
509
8829
10478
9692
3174
6554
9211
6320
6309
893
9124
867
7376
4806
9896
6334
9736
4185
6987
13106
6405
7827
8861
3402
12025
4901
6376
12202
1642
6210
7569
2988
8753
13706
7033
13008
8614
7561
4933
5529
8892
208
5982
6667
1563
4919
12450
8542
13413
8964
4911
13206
8130
2541
12695
8492
5238
6581
9021
9973
162
2243
8259
6801
5963
3919
8826
5205
6219
7535
6850
12666
9226
12199
10033
9190
6680
12190
5113
7841
9551
13422
2675
12249
5425
278
10472
2773
5630
8250
223
13645
977
8410
9182
9431
8867
9183
5606
4098
3407
8620
6681
4486
244
12832
5660
8906
8730
8397
6918
7268
6672
743
11164
8403
6515
5271
2578
7059
4808
2345
6736
8440
10843
4297
7999
4829
1762
6789
7813
4179
13406
13912
4724
10863
9964
5934
7769
9284
10119
9115
4275
4268
9198
13550
9769
7680
6053
8935
12782
13918
3548
5542
5435
8145
8333
9638
2234
4983
13596
5814
8172
5257
9939
3817
8054
9529
8583
6898
7691
3346
1641
9185
9690
5780
8875
4607
11022
7471
1091
5428
9416
9590
11404
9050
1666
4430
2981
8587
2721
92
12673
13513
8129
13383
4601
9593
12675
9490
8833
5543
4606
2783
6596
7274
4465
2253
7143
2402
7194
5800
9662
11998
701
8314
8299
1669
1922
7086
6616
8281
8776
8738
4869
3607
5978
6121
6950
5742
9380
6095
3439
2399
9709
4979
7976
5510
9643
8862
9900
7046
2870
13440
12017
2928
9313
5532
5515
9130
6128
1106
6391
9028
8882
9738
8242
4807
8354
7234
13812
3601
4293
3468
3047
9082
5889
11787
5685
11487
1636
5698
6111
13618
4837
6238
7943
7203
4906
9327
850
7942
8146
8260
13773
7790
8416
9773
9760
11095
4512
3788
4202
8160
5091
4895
3297
5549
6929
7659
5413
9402
1162
3832
6687
7333
4770
12813
6837
5686
6913
13053
4276
11505
8433
2839
8561
11398
6605
5537
12485
7331
12309
9564
116
5283
6659
1663
6342
13818
9849
7338
9517
4986
2519
13624
7902
4324
12162
2270
4878
13415
9187
13615
10461
3035
8257
9166
8445
12290
7992
6211
6468
9494
11516
6698
7515
7398
9749
7784
8279
8733
8588
7313
13753
9152
4751
13823
8703
9653
231
4412
7959
10757
5201
11989
8319
5621
6129
9610
5569
6827
9910
4784
10025
146
9249
7752
5751
7264
9412
11336
6836
8149
13276
505
9196
12004
6550
1916
4632
9040
114
98
8766
13007
10184
13240
9607
5973
11083
8382
12648
7765
345
7327
7879
6662
12671
11427
824
8199
9358
8557
13738
2233
2511
5195
1089
12608
7645
7904
1749
779
6547
4841
8109
3269
6236
8852
8878
3740
6719
2555
12822
3362
9042
4819
13109
13066
3736
264
12670
2840
4200
9001
789
6112
2521
8465
3285
13861
6838
6340
9751
9990
9805
9682
9547
1220
13591
6599
5674
5564
4678
5196
11966
11060
9546
10469
1856
7965
337
4907
6017
1649
9108
3355
4791
7024
6258
5396
1564
13157
4624
7611
7242
13019
7779
10348
466
6710
2158
5905
11776
4788
12487
1863
5970
9761
12680
5832
3023
1646
8908
6896
8535
12921
9818
3702
5040
13017
11430
968
7512
6990
10156
2295
13336
6175
2006
7068
8915
8055
12703
4802
10809
5322
13754
6590
2755
8252
9067
7653
10812
8949
1126
6811
6341
816
9792
10372
4516
9414
5976
5643
4210
5072
6105
4060
8157
7493
5139
5183
5813
13569
5480
8530
5307
2722
6695
9434
7278
117
8162
222
5275
8376
8497
9592
7506
6721
1604
7432
6732
8868
8068
7250
12654
8148
7938
7282
2333
7446
6321
11936
1074
2943
4813
9952
8538
1638
6471
7549
11139
8579
5399
3584
5070
8774
5782
12652
9104
12574
8175
218
9552
12366
13832
9029
4879
1640
8506
7931
5078
12242
8308
9081
5250
8479
10261
4092
8513
5496
4192
874
7478
12655
7900
2516
8987
11976
9440
13905
4823
6157
7008
9007
1081
7310
7482
1576
3061
9442
4908
6010
13412
9405
9043
12600
6527
6257
2804
5778
12793
11991
2174
9737
5278
8001
3212
6325
5253
2394
11727
10040
8907
5505
6735
8254
13689
7962
5788
10189
10136
8202
5915
9556
11056
9574
10072
10187
11709
2493
8136
7498
6891
3577
12667
13463
7672
13826
8411
1529
11019
461
6703
5718
8272
922
10364
9430
8527
5952
5279
3923
13697
4190
9437
7152
4184
11092
5434
10135
7135
7818
75
9568
7324
490
4008
7735
13586
7557
4265
1974
6692
5598
5336
300
9008
13260
6220
7253
821
8871
2200
5267
7499
4158
8504
9794
3193
5641
8669
9445
5255
6212
10831
8220
9052
4894
5729
2152
5416
8930
11342
13268
6076
2148
7698
3059
106
6349
8650
12159
7459
8885
12794
5489
3732
5511
9202
6841
9680
8864
7615
8732
9578
1523
7682
5754
8752
6032
688
7612
6090
10382
5462
7602
12968
7374
4507
6198
12029
1968
13772
13627
3555
7166
6786
5684
7608
9644
12211
5381
9980
12040
7641
9371
6730
6048
5256
6037
9113
5173
11488
10832
13370
8956
10420
9866
6726
7161
6507
5567
9106
5274
7587
3083
8706
5539
7767
7279
9969
350
5231
9112
7077
9424
12691
13265
781
12187
10180
9399
13103
7016
2815
9691
923
12283
7382
7570
5650
8872
3383
7209
11828
6108
7197
696
4049
9456
8602
5192
13254
6753
825
8178
9055
13318
13028
6774
9091
11327
9188
8783
10029
6937
6903
149
13204
11794
2504
323
4578
6066
7614
8995
7133
9144
6797
5228
6330
6225
8999
8298
8294
13799
8934
9820
4054
1568
13788
7607
10417
5410
11027
8212
5770
2923
7518
9686
9153
13838
9012
9251
122
6799
4203
4335
2525
8568
7571
9689
90
6878
5445
8615
7175
4407
9186
8040
2725
7407
6798
5550
8193
4281
3576
5904
5637
65
109
8113
13374
7383
8835
6348
4892
3024
6269
7076
7756
6350
6346
8307
12596
8251
8277
8911
11468
5452
3090
6982
12973
9788
115
13281
5568
5531
13013
8025
7156
1090
477
8705
4436
12215
5450
8267
5935
5613
3563
7517
4195
11126
5791
8186
1791
6485
6911
11737
5602
