5198
49
6148
9452
5303
7582
3214
2811
13031
3883
9609
6245
5694
8606
13159
9626
8910
7892
7736
10165
5954
9278
5816
7184
9559
8167
9465
10761
864
3272
3595
9337
7743
5522
8970
8219
7733
6205
8468
9635
4531
7597
7812
4764
13567
7285
10122
8920
9087
6792
13864
6242
5469
9469
1571
2758
12662
8228
8873
6713
11785
12110
8401
9882
5616
74
7860
7894
3384
5624
1239
8860
4828
8968
8286
6678
2510
9924
9090
9918
6276
2339
6764
1127
9582
5735
4457
7373
8670
9000
2427
831
4215
10462
4631
12316
7577
8395
11643
11641
12247
5646
7633
4461
170
7588
4532
1602
2530
13312
12663
8005
6895
8317
4798
8137
9904
5277
6608
8226
6849
7284
5202
9479
7503
7256
10118
2454
1193
880
9884
5805
11334
11443
10230
1643
9348
823
9119
4460
8102
10479
8127
3376
5408
6873
9933
7413
4597
1120
1096
4820
8269
9308
8580
5265
2738
13514
9929
728
1085
1645
8571
6006
12985
4538
9839
2512
10362
861
12163
9468
8734
10340
13721
5092
13621
4326
8169
9203
3603
8566
2293
6097
8856
8739
13078
3863
8105
6110
2926
13020
9415
1894
9585
3798
10115
4874
5395
5348
13503
681
1605
5763
967
6757
1451
13520
5203
9096
7809
6000
2506
9671
5441
8419
4831
10849
6365
7907
5377
11848
4471
5006
10810
2935
7240
4169
13241
2499
1631
5771
8919
3573
9880
6553
2907
7690
13428
7555
13447
7122
6952
187
2437
8434
10060
2337
13356
7567
9815
8718
3524
9745
6925
8058
13056
8596
10169
11343
1879
6150
1880
5300
8405
2916
9864
10373
1630
9057
3718
4716
7320
2769
8389
13868
5199
7272
9215
6153
6298
8921
9575
1609
9194
11101
5442
7970
3303
12480
3301
7890
1655
12947
4587
12246
4812
13411
9932
4809
875
7293
8598
1961
3918
13825
5269
6740
6921
7109
9759
1624
9443
3860
351
10949
10186
4914
8310
8494
4772
7950
1679
5895
8393
6251
902
6597
8330
3363
2986
13027
8548
7665
3929
12996
6104
12582
1971
2261
8536
9147
7972
8967
4824
11649
6206
11980
6079
10045
8721
6404
9512
6647
2829
3927
1140
3782
12303
13234
7132
13778
8409
77
7231
6218
7201
2534
10173
895
808
12358
6890
11157
7125
10063
7738
7180
11410
10002
4880
6505
5762
11078
9965
938
8179
9685
12471
349
10037
12177
8592
7229
6666
7217
8813
12261
7153
5588
9917
3716
7925
13431
12050
5085
9577
4082
4900
2169
4891
13404
13809
11839
852
7798
7906
6993
1107
8280
9374
10385
6194
9859
175
6598
8155
840
13590
5497
8943
6208
6762
7805
1906
12831
1160
7572
324
6512
4334
6176
8322
13879
4041
13368
5908
4495
8341
6705
7867
5786
5111
8406
13526
5443
12966
8791
6670
10202
9034
10065
5802
5696
9438
10760
5455
5589
7241
7617
3731
7173
1145
2971
9895
2219
6734
5987
2867
9732
13038
1763
7932
10044
9396
10171
5153
8334
966
11473
13330
7522
13776
12044
7980
9922
8427
6486
88
3404
11832
8300
5657
13556
1721
5581
7082
1205
9613
12168
8554
6942
5465
7326
364
5027
6663
2170
6626
13553
9295
8306
5514
8623
9177
8425
5961
4783
7984
12990
7635
4508
8366
4668
7039
5420
4960
7775
2670
7520
4990
8238
9908
11407
5090
5226
11789
13242
7836
7823
11054
2225
10024
6470
6021
8562
1654
6826
11176
2289
6235
11174
8888
7764
9098
7045
6519
2537
6191
4212
6012
367
7472
7910
3567
7632
9520
4218
9377
7303
8194
5920
9483
7725
9398
12567
6845
782
6333
9392
4071
6221
13599
3834
6226
13649
9054
6981
5594
11341
7079
7010
5391
4114
7751
12019
3414
13064
11147
8147
8886
6916
9413
10157
7622
3565
384
7869
11339
2837
7540
7302
9331
9531
842
6673
8841
5955
8469
5280
6116
11409
9143
13803
9706
6370
12688
6151
7568
10159
9072
5576
3295
6846
5695
2265
5680
8182
7968
6327
4799
9058
13178
8049
8275
7598
5411
906
6556
9523
12488
6551
5779
7191
1584
7704
7576
7316
8811
13060
6780
5619
5259
8638
4921
4298
9679
4995
10976
13725
6362
4902
2911
8757
11156
4050
4380
11167
4567
1622
9716
2557
9004
9850
6756
9364
346
9162
7986
4714
6715
6706
3712
5003
5635
12565
8143
7675
8338
9076
11691
4287
59
1608
4832
5068
13432
7406
71
6618
8303
7319
6478
12739
13252
13787
5081
8708
13516
11108
6682
11741
8781
8722
8255
2421
1688
2332
4605
13341
7205
6166
220
6651
7541
2232
5182
2952
9324
13800
12799
8756
5061
7610
11493
9892
2276
6930
13375
13323
8523
2498
3895
7887
5412
8839
8626
8914
5618
7592
7718
136
8855
5458
11322
8342
2909
8011
12043
7574
684
10068
13680
5144
4780
8941
9169
5074
12217
4173
10167
8771
10466
9729
12957
5459
8224
8795
8605
13172
1905
5583
13317
135
9803
5237
6164
13247
8657
8449
6963
6355
7477
7104
2744
7774
9339
8016
13712
8854
4930
5447
11429
2426
8692
13299
13626
8981
1991
8655
11013
6669
5795
6985
8052
1570
873
5100
4997
2973
7781
4978
306
853
2460
7929
5310
172
3764
7325
6358
9507
817
5102
13426
5769
8674
2739
5223
1189
13102
9033
1499
7935
8895
2735
11495
9860
12674
13870
8233
8520
7207
9856
2947
9549
10172
9200
13731
12106
13434
10367
8636
9670
4284
13860
5600
2743
10749
13658
4896
11489
10130
9677
4801
7270
5245
13380
7564
1136
2818
304
9385
8603
8822
5945
13603
7920
7697
6460
1170
9819
4386
4524
9156
13313
13843
4572
9584
6363
13049
8466
357
2700
2262
7011
7112
7357
8903
10824
4225
354
9949
1442
13686
13622
8799
5626
8372
5386
7852
5914
186
11097
6668
8880
4961
4975
9514
10139
899
10193
11397
403
882
4875
5138
8575
9527
10019
7255
9045
13420
4137
4066
5530
13139
5007
6905
9292
7835
13537
10817
7595
5784
9496
5440
13203
3928
12571
5819
7821
7283
6582
7646
12780
12476
4740
12481
1146
64
5585
6196
6109
89
12707
8622
9372
9268
13871
7912
6959
8229
9441
771
1075
5658
1154
8879
8723
8582
6899
4510
2536
5174
8971
4242
7988
4629
9477
6646
8234
7946
6188
885
11537
8737
2430
4320
8428
4191
9083
3338
4876
5438
9927
8292
9167
13354
8231
10147
11783
8484
5591
4197
224
12839
12090
8594
7552
9302
2230
8838
7318
13849
9696
3446
5417
13191
4055
1560
8384
3821
9811
13271
5387
5388
6390
8516
8540
6576
8507
6842
7486
9646
5010
13872
11984
4157
5285
7095
7585
5810
5656
7575
9470
9579
5612
10174
3375
7949
8265
9893
9056
9390
5114
6458
8994
3611
145
7507
12191
2259
6817
8407
3398
6144
13893
5741
972
5200
8611
9862
13684
9110
4122
5112
9628
3590
9101
1890
13775
2505
6657
8213
12660
10191
7508
4094
13899
8132
6744
8642
13790
2940
2751
2794
2766
11011
9172
6277
8139
7465
10764
8261
5004
3779
7553
5517
6036
7420
1481
8119
7922
7783
827
7868
8572
9616
5595
10004
13863
8725
8010
4455
7842
4480
8974
13833
9991
12165
5690
483
989
4556
1620
5082
8360
7705
7824
336
5527
3734
8462
5389
9872
10833
8256
8865
6622
7998
9790
9865
12063
9199
6189
6871
7710
6777
7669
5270
9612
1966
8170
6738
4529
6914
8248
12446
5798
7909
13677
13245
10983
8415
372
13366
2814
2535
7848
13088
8325
1088
7604
5625
6910
6177
8727
3370
9420
10807
2373
2475
11988
7509
792
10823
847
11463
6331
12714
5948
2915
13303
11338
12690
6204
6023
11973
3457
8106
5949
5863
10005
7687
1910
7127
8785
12275
7955
