2802
407
614
554
1367
764
2149
1632
326
2262
2801
830
1628
2381
1036
1926
1319
1084
1413
498
486
589
788
2526
1365
1044
1509
1561
2708
944
1747
2570
610
1128
1954
744
2328
1807
356
1986
813
551
2339
375
547
2038
1968
1353
2538
51
1531
1029
116
1345
297
115
395
727
910
829
2674
2950
779
2669
2209
594
2541
2838
1861
1177
347
1878
1196
1166
493
2474
345
137
2258
1464
1468
1812
462
2684
2797
63
1698
244
22
93
1448
2015
1414
2505
2543
1772
2568
1841
571
2735
2615
50
2319
1583
1736
635
2020
1150
2535
2942
706
745
372
986
2073
2943
990
1087
895
2263
529
646
755
559
787
2656
541
1691
2808
368
1953
2354
2515
553
2248
2811
563
1073
2597
1762
1020
2127
835
1950
1705
964
822
1522
979
268
556
2397
2454
1742
919
1927
753
740
1318
1909
170
665
946
342
2623
1273
2706
1723
2363
452
1283
738
1401
2576
1141
1225
1769
1214
2603
2327
120
2680
2759
1886
2330
1810
1929
2224
310
1111
34
2040
2547
1867
2158
1649
405
1300
1989
650
2434
1904
954
2660
2639
2932
305
1470
917
2583
1859
1635
1815
1127
2809
2060
806
89
1410
208
409
1011
1156
2066
2232
774
2242
1467
983
2813
336
653
302
1856
1644
1058
620
311
2368
972
1512
1478
525
987
1135
2157
459
1144
1338
2821
1497
1337
2627
1200
2879
1198
2749
1441
1787
2122
2120
188
2792
1684
15
2147
282
1678
2315
1897
1296
940
74
1668
2814
2046
133
1555
1858
1573
536
1505
1837
887
710
1415
1970
2360
145
60
2024
1089
2225
2295
1175
1677
2945
392
2068
2727
1266
531
380
2560
2595
2296
769
1238
2613
1576
1176
2607
1484
1380
2751
1007
2559
2840
2787
1304
247
915
1461
293
759
1773
1860
568
959
2160
2107
2491
2163
1081
1979
1873
2184
2057
2377
2485
2833
2055
2720
668
1503
503
828
339
849
1051
1140
2827
2090
1996
410
899
795
2348
1999
2318
1193
996
1985
1570
661
791
65
1827
596
132
2153
1252
210
454
460
251
914
1939
2620
1699
174
2193
2773
1493
455
2546
1540
2614
530
1525
1675
1197
1476
2757
1305
1349
349
2611
712
92
1819
742
998
1959
1883
913
1797
1195
57
309
2569
1548
353
2817
1432
2392
1472
1002
1944
201
1727
778
645
741
2763
272
2264
1658
773
442
1642
955
615
2927
1368
577
2140
515
1388
2331
863
839
1492
627
1330
62
2517
86
2267
2358
1314
1148
2283
1971
2402
281
973
427
291
335
370
18
1892
585
687
387
2063
651
355
1423
