183
1348
739
1690
285
1269
2136
647
1964
2342
2123
2739
1941
121
1250
1308
1693
2475
1276
2661
458
1086
1977
1129
2498
248
425
566
698
1362
1408
2844
275
2767
1631
1259
2083
189
1395
307
197
2162
2734
786
1709
1465
950
2626
1309
1211
292
2489
2854
886
1689
2181
2718
1113
233
1404
967
2032
558
1263
823
2716
2396
1424
709
2250
942
1738
598
2519
88
2545
437
1790
2177
2662
943
1285
652
621
1096
2351
146
2279
2687
1151
473
526
485
2170
2010
1009
1294
1706
1648
657
2550
2766
421
2700
2601
836
2697
393
324
1168
1572
1018
2496
1040
234
1219
1749
720
2506
673
1241
731
2841
495
951
1780
1256
2944
1274
817
1714
296
2807
926
1247
2467
2379
595
2042
896
785
2061
1444
2228
2629
228
1297
2524
474
891
1746
2947
1105
2740
555
1417
808
1254
545
129
256
792
2461
1076
1973
1821
587
546
1697
689
2383
1962
2376
198
187
2534
1739
2118
658
304
2421
1546
27
1913
2487
1275
1488
1685
1911
1218
1416
1662
612
976
196
85
1042
1620
1317
1549
1069
945
2223
1659
2632
1915
801
16
2352
1215
1025
799
2321
631
2495
1532
1189
1936
1974
2738
1587
865
1244
880
2235
2260
1516
1656
2275
306
1473
2058
1903
1824
552
579
666
977
2213
2047
868
878
159
2648
84
2728
1760
1159
394
2371
2375
1028
1053
1190
2159
818
246
1003
625
1543
879
2169
2605
1491
2389
508
157
1121
754
2703
2572
1499
2150
1399
2717
638
359
78
1436
1382
2304
1384
1204
317
2625
2856
2810
98
851
537
1103
2667
1232
505
2259
960
2473
2217
2287
384
941
1231
1863
2229
219
2005
2345
2571
1527
103
1257
2628
2195
182
1442
1315
903
1817
654
1657
2034
2563
1496
2167
1692
2129
1511
2548
921
316
357
484
707
239
1663
974
218
2521
575
75
2714
2666
746
264
1043
2017
2447
322
2071
1680
717
1336
1823
47
2021
2825
167
2691
2483
1606
2178
2443
2064
1766
1634
1875
388
1411
1052
975
2174
1673
436
1639
1957
1918
1928
1922
1142
2935
697
1108
2388
2119
737
2600
2772
685
1683
840
884
263
993
166
2249
872
2254
1654
1326
2682
2332
937
2270
1715
2407
807
867
2011
2604
211
2549
1125
379
1313
2853
494
809
450
793
2510
1788
432
2261
511
1374
2709
902
160
1504
114
2094
1529
1933
1889
874
1482
1133
758
2647
510
2845
2016
1118
1842
1870
1287
718
91
1123
1205
2953
1431
991
1949
1515
1181
1425
286
2769
1281
2037
982
274
2721
100
8
1771
583
136
925
