1829
2459
2630
860
1427
2154
2683
1242
2198
417
1703
2646
2731
1334
1789
213
696
1272
2152
434
2768
64
963
1890
2504
477
1834
1945
1732
269
2274
1934
962
2187
79
2373
39
854
1469
2411
363
2139
1264
54
539
1324
2468
1665
608
2653
1031
873
2317
2564
911
892
127
1407
117
1622
938
2692
2357
1015
1445
2164
1439
258
905
2633
1456
2791
1502
2586
1392
1526
94
1481
1033
1617
1728
605
948
130
59
1517
2143
2116
2233
2244
1479
1174
287
1835
725
2596
1450
1740
1638
751
1153
1991
2883
935
2609
2850
1608
716
2832
1961
766
2780
827
2737
1536
300
1741
1201
433
266
424
2918
2452
1806
1060
593
1708
2804
1624
1623
1477
2553
1494
662
126
2694
1134
1049
2722
2320
2472
154
224
2023
2862
920
691
2681
1627
1871
2201
850
1061
952
2294
636
1882
2612
1831
853
1786
978
289
1063
1729
2542
500
2690
757
456
2704
1085
1751
383
241
1580
1154
1075
440
2484
112
667
225
609
1990
328
323
613
846
2952
2588
1666
1884
2340
1726
2175
1485
1453
123
1547
1331
2754
411
428
1240
1012
2689
2602
2220
617
561
451
1825
270
648
634
2805
2382
694
1518
628
2222
1765
2743
222
2668
692
446
43
2237
1645
988
2367
1010
2702
550
200
2870
1908
1750
134
1446
2355
1982
1131
1157
2730
179
2135
2245
2253
781
1791
1180
1655
2741
1976
2512
2243
29
2955
1912
2557
2761
1094
504
1811
2641
2130
2774
332
318
619
1633
1179
890
765
802
2606
1798
325
901
538
2176
162
618
1429
1255
1199
2278
2695
2346
420
230
1997
1721
677
2322
2013
2117
2847
2624
2156
2106
2610
1420
1139
82
441
870
1097
1107
28
999
502
2819
30
161
2291
861
2298
1498
488
2018
2771
2137
1630
1092
461
858
2333
476
1718
1443
2798
71
2115
1066
1354
2406
1852
1221
704
2585
1426
1030
2425
1160
639
249
760
1298
672
1288
1591
2306
33
1520
2404
1406
1872
66
2497
1236
69
2292
1876
1462
1228
567
1373
1618
1539
101
1660
1734
173
693
2002
1347
2750
1185
58
1332
597
1711
2920
2236
1851
985
904
2599
385
775
1065
400
2742
1731
688
1610
702
1062
1463
958
1571
1245
855
1352
83
606
1514
135
997
1459
221
2729
2165
1270
2698
204
1371
142
2374
2699
1409
1260
403
777
2479
1508
700
2030
2286
803
2414
2824
11
2733
2590
1372
1725
2685
1460
2701
1032
1351
2839
1528
491
2125
1447
2361
1320
1710
2114
518
402
714
690
624
487
2663
53
1743
415
61
1186
1490
2251
1358
