861
1207
879
1733
161
524
1610
393
429
314
180
1625
1190
1659
427
1170
1686
1273
591
657
1588
859
924
1107
110
566
460
1685
364
1404
100
544
333
1578
1480
576
1352
1341
869
867
175
1173
1331
1191
19
1396
456
1023
701
350
1297
712
1303
43
337
1261
877
978
1586
1740
455
228
620
756
1278
783
290
1376
178
1387
609
698
1462
318
1274
108
1242
888
434
1157
264
805
1299
1109
16
373
684
889
284
1198
326
447
995
407
1506
570
1353
465
1172
1616
1033
837
1290
266
947
516
672
1147
47
1494
1174
1142
518
742
4
112
1703
645
1498
65
1368
776
1092
113
535
1031
99
1184
132
546
656
802
45
1205
872
1171
528
1002
740
246
567
604
36
1718
48
1357
1270
1201
1100
1293
292
1222
1624
521
1526
1650
334
1024
797
558
452
121
263
758
1651
1408
341
423
757
81
1407
1646
1400
940
875
826
64
135
424
933
1503
17
220
160
176
162
88
1228
1029
1292
229
617
1194
396
1533
335
1030
1280
1708
28
1016
95
1137
1008
682
311
1684
426
720
928
926
437
1549
79
766
1038
977
432
971
283
