1633
912
166
726
615
1707
1067
1597
679
58
1485
527
1723
1727
1128
1401
813
1734
984
1383
1348
898
1123
1424
1361
513
622
1289
838
885
1676
271
1573
738
1637
306
773
1504
1061
529
823
1339
637
764
1714
1340
653
1195
1452
817
540
54
412
1693
1687
395
1696
1025
285
1510
1118
772
890
626
545
330
269
481
499
27
1275
1544
1531
502
1487
1294
980
675
198
1101
163
1604
1323
101
1555
1412
1189
410
1615
663
768
1160
1240
878
737
1431
358
1017
1709
674
130
1214
445
1158
490
1500
551
1674
1524
798
1272
1592
627
556
1523
665
1595
1343
748
1212
78
1236
1010
384
174
86
98
282
632
1105
147
120
1750
1346
37
1668
779
697
71
702
703
944
1121
1394
923
170
309
1587
1464
1120
569
1564
1004
580
215
213
583
770
1535
1730
1081
189
549
1683
354
1585
312
1621
902
1338
777
1413
1268
1288
1647
51
1295
20
1257
747
1507
612
671
892
315
66
413
44
683
896
1058
155
1258
1416
352
915
463
451
80
1097
903
850
1388
718
1006
399
666
868
723
1410
1467
801
344
1491
15
998
1018
517
1202
755
