137
416
286
1444
1542
235
183
796
574
526
925
727
1664
1499
1473
744
1667
943
1458
484
34
181
763
1660
1591
57
69
234
1455
685
1692
725
158
543
753
655
305
1495
1745
557
807
488
1665
1577
550
893
825
1609
1560
1066
1486
711
1442
216
858
1371
1185
1269
317
767
693
1550
982
1582
795
884
806
976
1671
1392
616
1286
1068
114
1362
1478
578
921
1453
1385
585
109
11
811
270
1450
700
686
1223
1675
1448
468
1026
21
255
1218
1080
1187
613
606
1589
816
774
602
1530
415
83
1702
667
713
734
336
33
303
138
1224
619
669
1701
1213
1192
8
1648
50
1715
1271
22
471
1188
75
94
383
1359
573
571
1538
985
1215
1168
927
642
1644
133
554
1363
1098
1537
997
313
1606
808
119
128
519
824
126
349
1574
221
803
949
267
1484
485
1540
1326
821
646
863
1252
225
310
1266
260
84
1399
1390
59
1451
866
1125
127
1296
435
449
1301
1626
85
1673
156
1575
1259
211
342
1736
1548
139
1197
25
1488
956
498
134
1628
1661
1677
35
607
719
553
1617
618
187
594
1456
1543
387
1306
1234
436
