1041
327
523
668
1126
1260
1334
367
728
1732
1402
1354
462
307
300
589
800
301
1108
588
732
1356
1350
483
1003
1529
677
1062
1130
1072
328
345
1037
1432
1203
89
1631
1253
67
430
347
745
1176
304
1492
1481
247
357
0
1744
1264
942
1403
1397
371
91
966
1546
542
1639
409
673
951
329
1071
1291
1627
261
610
96
1728
70
308
2
382
466
1256
448
1229
1227
414
857
12
983
514
68
353
494
1490
495
42
1534
1652
1409
1706
397
179
865
398
1005
319
762
1433
1152
827
366
1705
548
1277
1337
1378
1614
945
1461
1594
577
1699
219
1298
614
934
1497
759
717
1596
368
182
1284
590
374
375
660
1415
5
1314
258
1285
1545
474
760
582
172
1590
3
1069
39
1287
41
1395
1656
1146
559
1411
1459
381
899
1629
754
731
6
814
1117
438
74
1344
275
1239
552
1374
778
839
565
265
1576
1731
733
346
1241
1662
724
647
214
531
501
268
1364
1508
1547
931
1719
699
184
887
125
1262
991
1539
1445
587
56
876
623
1553
967
1321
835
525
1369
1516
1281
1064
102
815
804
1204
1532
1046
818
1666
1704
