924
6702
4693
6269
2180
7565
3104
6776
3646
2523
5791
3045
3811
5607
509
3191
6456
2349
3071
1647
4901
3988
6035
5363
3189
4755
4310
6880
3644
6069
4040
5064
4422
5770
5074
6210
2595
7044
4147
4041
4910
4122
1879
7163
7096
3700
3740
6173
5859
3258
5529
655
1885
3293
4509
1721
1128
1474
6418
7088
2491
3725
1192
6630
7931
4256
5663
6146
2580
4007
2657
4430
3642
2970
2368
5551
2738
7055
5631
5163
7529
7666
3188
505
7494
1485
5618
2598
3259
4052
2272
6836
7396
7255
2725
7052
7410
7623
6618
6271
2370
2895
5956
4503
4114
7739
5383
7885
2666
6405
7034
4921
7049
4786
3777
5835
2415
2689
7478
6634
2893
3764
7608
2960
1136
5878
6851
7125
3568
7201
2132
3484
2824
2271
2192
7029
6887
4200
7284
3766
1478
919
4962
3069
4906
2593
6613
5054
2967
6847
6129
2215
4385
6566
4575
3115
5703
1870
5702
761
2262
7039
4034
7355
4301
7124
7527
1468
7961
6817
5448
7884
3282
5508
7864
2584
7572
4458
5786
5300
5520
3583
6034
4655
4363
3211
7085
4048
2577
6052
5133
6390
3137
4690
3514
4205
5352
3551
5845
2909
4528
4566
5577
1880
7289
4931
4555
7747
5418
1341
7003
7863
6884
2256
3893
6256
7702
5241
7279
4804
6002
2372
4263
7403
5225
5228
6922
5867
3655
3278
5752
6379
5748
4998
7107
1799
4578
1627
3653
5123
2621
6574
5831
4918
3139
7857
4070
5966
1183
5830
2680
1542
5627
2135
3647
2592
6372
6984
1491
3826
2834
7756
1570
3072
508
5043
6872
1325
5388
6967
5704
6973
2200
4121
1205
2534
2440
1330
5458
7431
4891
2687
6088
7274
4995
5844
7832
3864
7831
3120
5684
7133
1624
2846
6773
7105
5588
6519
3156
813
2015
503
3307
5153
5524
4444
705
7791
3931
4004
5124
6944
2759
5776
7685
3662
4882
2610
1489
6278
3031
6295
6220
6690
4452
4469
5619
6763
6734
3773
3392
5270
5454
5142
6444
7501
2613
5502
6218
4712
5866
4249
6482
6276
3902
2010
6962
5822
5836
3600
6255
1697
2369
7218
3381
2206
6607
3966
1538
5590
5232
5781
2914
5340
6750
1132
5385
5923
1270
3584
7498
7257
7627
3565
807
1847
7709
5290
5860
2422
2537
3213
6090
4914
5199
6208
7307
7087
5203
3982
4700
5604
6377
4252
7721
5527
6402
5682
5738
1722
2912
6502
2123
3035
1126
6550
3370
6835
1338
6709
6886
4127
1958
3863
3717
3989
5652
6080
6028
4957
6235
6511
6055
5390
3270
5536
7745
4049
7465
6833
4788
4849
1930
2454
1616
4819
6714
5090
6701
1417
2292
7008
4539
7250
7551
3897
1201
2682
5685
4380
1630
5497
7272
6594
4254
5347
2287
3801
1792
5869
7411
3047
3078
7111
5374
1068
7891
7438
4251
7534
4262
3279
7509
4713
3380
2736
5621
7563
4856
1725
3372
6561
4076
4133
1121
5291
2567
5082
4996
7375
3458
6998
7687
7054
3798
3353
6338
6681
6650
4848
3125
4532
5434
2018
5495
6247
2524
7000
7635
4577
4199
605
5829
2376
2031
3432
4148
3726
7772
7817
4865
4672
6194
1704
2127
4808
6089
4408
3064
6262
6807
4530
4054
6039
3916
1048
6626
2609
3053
7523
3219
1940
7042
4378
3731
2501
3554
4844
4899
1703
7252
2381
6728
3271
6543
6800
2279
1490
2644
7800
2201
2681
7819
4460
4513
2269
2576
3048
3134
4574
6929
6407
6112
7474
3673
3182
7521
6935
6040
7528
5773
2516
4267
2723
2653
7122
2416
5465
5955
3426
5840
7260
4240
5842
5469
5373
6546
4737
4674
7628
5429
2806
3059
4569
7535
5417
4304
2795
1775
7110
3070
1865
3416
3980
7645
4288
2749
3479
934
4770
2196
4695
7285
3670
4126
5335
933
4685
4104
1548
7775
7658
7013
5146
3736
3494
7856
4828
3704
3787
1793
3637
2134
5579
2661
5148
7757
5461
7263
4777
5079
2012
7181
4198
6280
3138
3871
704
6647
4895
4315
2905
7646
6014
6658
4834
3204
7407
6788
2809
4658
7068
2602
5677
4403
7038
6125
993
4791
3082
1263
6131
7367
4424
3691
1403
3598
1707
6452
6557
6576
4778
2023
5000
5957
2901
7619
552
4837
7652
6098
6529
4290
3289
4220
5075
7765
6243
6979
3195
6085
6830
2676
6346
6272
5422
6642
6474
4589
5372
7720
3299
5209
2361
3591
2897
7604
3638
6673
3490
7005
7502
4806
2614
5034
1871
7594
5067
2882
2536
5433
2033
5996
1857
5606
2431
6608
7766
7084
5847
6774
6139
6609
3601
3509
4428
4953
1931
3831
6239
4244
5442
603
7196
6975
3842
7064
1541
2366
7439
6044
3052
3921
5213
6639
7419
2259
1472
7001
2458
4773
4702
6518
7114
3963
1636
5613
3635
4742
1957
5700
6780
7314
3346
7405
3373
3767
1317
7480
3733
5041
7464
6288
3772
7734
5357
1267
7383
6522
3379
7267
7292
4535
3722
6258
3261
6099
5081
3338
1778
1949
4759
3335
3313
2889
2304
2876
6490
2435
2455
6421
6963
5235
5366
6909
5511
4579
6439
7827
4311
7343
6296
2179
2813
2833
7364
3155
7434
3592
5513
4191
6419
2257
5370
4817
1475
4074
2360
6403
7544
