5695
997
1716
6846
6260
6266
7189
5622
5578
2892
3795
7894
3797
4207
5612
7704
6920
5284
6376
2213
6900
7620
7924
5655
2670
7790
5219
2679
7414
7698
6446
4624
2962
2740
1333
7236
6453
4179
763
7234
4623
7495
5745
6283
4115
2512
4884
4264
4501
5932
2276
2821
5212
4488
2915
3738
4868
1850
6454
2048
3577
3775
1419
4511
3000
1259
5202
7138
4988
5269
7679
5598
6103
4316
7373
2594
4399
6712
1400
6723
7213
7173
4762
6695
6739
6374
6003
4824
7402
5599
5788
5412
6857
7923
5059
7909
4923
7506
6006
5087
7582
7644
2340
6073
6352
4079
7391
6320
7639
1777
5749
1342
2772
3413
4833
7220
3264
4487
5258
5668
2975
3461
7063
7062
2092
6692
7932
3581
5368
2761
3462
2601
5297
6659
1389
1344
2253
5032
7640
6168
5759
5659
5141
2418
3336
5494
6141
6036
4935
7151
7688
3603
2110
6625
5968
2214
7121
6122
7089
4391
5854
2036
870
4287
4607
7789
5264
6383
4915
2040
7024
4619
2983
1641
7409
922
7271
5445
4492
3640
2295
4766
6629
7313
4855
3561
3209
3720
7179
4285
3676
3868
5758
4443
2993
7732
1723
4009
1481
4721
3593
3061
4397
7861
6161
2973
5514
4145
4710
1200
760
5784
5220
2803
4405
5217
2414
6762
4638
2958
5908
5317
3230
6797
6047
1114
5143
5125
7353
6032
4831
5008
6105
5362
7333
1789
3460
5319
2611
2511
6951
5187
1409
7446
3914
3859
3849
6424
2176
3390
652
1555
3058
1848
600
4247
4116
1563
6968
6661
4523
7476
6595
7866
4371
5904
3144
2832
5045
7157
2887
7479
1460
4769
5302
7223
6708
3659
5778
4455
2837
7895
2184
7610
6053
7684
5913
6983
6716
3737
4202
5444
6859
4245
3588
5421
6435
4337
4413
1190
2412
4730
2047
4146
3569
3147
4581
6325
7952
4432
4687
7483
7296
4825
6786
5161
3263
2728
1195
5436
5796
5151
4057
6365
5921
3382
1566
3697
5055
3838
1482
4643
2515
2344
4725
5265
3451
1492
2694
4410
3302
6290
4051
7302
3905
5826
985
7010
6095
2604
1469
3587
2756
5089
4011
2662
6744
5456
4775
3572
2839
4043
805
4101
1771
2493
6521
7369
983
1264
2745
1122
7112
5077
3599
7568
7693
759
7352
7505
1552
4119
5229
4218
4807
6867
6742
6084
2203
4072
4212
6934
1113
5853
1965
2280
3186
7025
6285
3220
5991
2991
7569
6590
4322
2020
6906
5344
2108
1064
7242
4178
2900
4125
3869
2902
2835
5543
3231
604
3896
3486
2603
4135
6019
5858
3205
2798
2836
2118
7482
4502
6711
3123
6578
5741
4321
5824
4313
1337
5192
923
2766
2924
3562
1336
5782
4185
3858
7222
4470
6114
4904
4930
5365
6855
6755
2533
2972
2582
2038
5874
6413
6499
5832
3002
1265
5063
5463
7900
7539
3526
2758
6524
2987
3283
6525
3368
4388
4924
6923
7235
5531
6010
6861
7586
2520
1785
6687
1058
5964
1066
7197
4631
5751
3111
7094
5237
7203
2339
5747
7522
5533
5769
6703
2575
6312
6686
599
5126
3850
3715
4253
4427
4522
4108
1271
3743
6992
7219
5651
2104
6305
6653
7169
7433
4273
6436
6746
4801
4567
7728
2202
5587
3450
4781
4696
6224
3281
7686
1853
809
5110
3503
3920
7275
6911
2659
2570
6411
5800
4692
7286
4149
4504
5711
4591
6102
6803
3934
5626
5132
2873
2378
2964
2925
2456
3158
6110
6792
7540
3489
2199
4000
6257
6244
5168
2843
7818
3133
5437
3990
7532
3386
4590
1964
6517
6072
4193
2255
2498
6805
5881
6633
1056
5795
2019
4364
1057
6806
3525
4238
7767
7423
3666
2217
6775
2731
3782
2380
6045
7324
1937
5129
3669
5048
1547
4757
4774
2977
5222
7073
2921
3845
6549
5140
7276
3802
2333
4309
5552
7507
4187
4572
1938
6917
7755
6008
6874
3422
6417
6688
3799
6440
2817
4520
7399
1886
6007
5825
2650
3378
4136
6672
3810
7752
6310
5462
4243
4928
7288
7047
4892
2816
3769
6572
5311
7669
6355
4842
2205
4120
4845
7675
5224
4699
5938
4357
7715
7229
3744
657
6009
7273
6927
4102
5962
3361
7167
7797
4966
5946
4216
4423
1712
1260
5242
4597
4917
6990
3440
999
4186
7346
1124
7663
6020
4278
7717
1710
3032
3765
6450
4344
5532
2439
6895
7231
1188
1268
6493
1494
4180
3910
1549
1859
4197
4071
6101
5307
868
7225
2826
6943
3427
7187
5068
5062
7278
6075
4213
1256
6902
4447
2994
3919
1248
6932
6375
6001
7595
4045
935
7858
2810
1246
1134
1948
1320
4971
7440
2579
7334
7776
5423
6976
6665
3149
4411
7589
7266
6670
4897
2845
7177
6214
2677
7562
7308
7707
7331
7899
6619
1345
3454
7469
5272
1463
6420
6779
6291
6350
7316
4736
7258
5767
1044
7711
2187
7736
5259
2658
3280
5144
5868
4818
3664
937
4474
4524
4338
3803
5509
7244
4111
2808
7913
3356
5992
6921
1613
1559
4663
6573
7092
5952
5799
4731
4112
6183
5387
7129
4493
3415
2522
3446
6414
4628
2024
6939
4368
3794
553
7132
2444
5697
5848
3212
5052
1959
7867
6236
4134
5763
4622
2359
4973
808
7376
7360
