3626
5576
1946
1797
1631
1055
5669
4956
7172
3892
3520
7890
7406
7898
7243
5687
6117
3146
5841
7542
7388
6784
7207
6223
2499
2451
3783
7374
7731
5674
3531
2587
2751
7158
2436
3866
5086
3689
6000
6972
4450
4565
2646
1413
3710
4105
5875
1537
6021
7165
5296
3627
5376
2289
4853
6076
7040
5887
1257
4860
4001
3444
2735
7303
7412
4583
7443
7612
5069
4302
3113
5409
4500
4896
7106
4967
6888
3434
812
6438
1561
6157
7533
1116
2599
3357
6394
5828
5593
7713
3594
7401
1394
2665
3791
5288
2353
7511
1461
2959
6959
3345
4561
2053
7660
6636
2540
3183
2612
4550
6169
2744
4841
7164
4784
7701
6794
7490
6685
3455
3142
5455
6254
1803
3376
6908
7295
3411
6246
7238
3590
7656
3075
7794
6845
6175
2765
6694
3580
5789
1621
1339
2367
4055
6772
4830
3364
6024
6460
2910
4454
2690
7128
1774
6228
3629
1416
3656
7567
7488
2489
6745
7633
7697
4785
7525
5318
5277
7471
3724
6520
5665
6023
6353
7578
6722
4779
2177
1571
1557
2913
2254
5218
2094
3500
3534
5602
5919
5113
7256
6132
1404
4196
5315
7722
3690
6907
4976
5424
7045
6787
3001
6924
4246
2448
5080
2769
6051
4633
6180
4082
6843
7336
1944
3559
5111
3079
6541
7338
4664
3903
6583
7914
2101
3705
2760
936
3865
6931
5492
4435
7730
6292
1632
6539
7677
3694
5699
3660
5490
5920
7664
927
5233
502
4668
929
4585
1798
4557
4661
4526
7020
5167
2107
5584
1405
1649
3658
4409
871
3358
2675
1181
6820
3351
3632
7319
1324
3968
4854
1401
6729
5507
5630
6442
3081
1709
2354
2961
4393
4319
7911
6930
6334
3706
989
1412
7221
7379
5941
5927
7268
6540
3362
4404
5489
6207
4258
1634
6997
7630
4740
1935
4820
7007
3276
4201
3742
3038
7724
3789
5431
2125
7869
7499
3788
3359
5679
1625
2114
2720
2734
811
7577
3970
6031
2434
5037
1929
4333
3504
6245
4634
6479
1539
4144
7429
2722
2955
3265
5195
4464
2032
4081
4269
2282
5595
7654
2880
5538
3199
6273
6092
2660
2494
3481
4997
4960
6510
5289
756
5035
6733
1701
7103
7061
3971
4870
1782
3904
7571
3912
3929
2445
6321
5713
3636
7787
2503
7152
3805
7472
4203
6735
3132
2497
6231
2346
7556
2742
1390
6741
1054
5500
2281
5924
4922
4472
2178
3938
5547
2572
6563
6791
5911
5188
6641
2011
653
1705
7706
5585
6812
6430
4704
3667
2586
1639
5262
6121
5165
6663
1476
1936
3861
7829
5336
6668
6217
7261
2351
5597
2525
598
7413
5292
2538
2877
1421
5211
4621
7269
2743
2495
6977
7131
3141
7033
1967
4873
1861
1791
3344
6879
2883
6565
7043
3900
5122
5158
1327
1411
2655
3533
7451
5128
4954
5375
5274
5609
4985
6422
6189
5056
6842
5545
1953
5586
1610
4886
1882
2956
4183
7933
7896
4266
4003
2216
2099
6834
6655
2726
1622
6371
6558
3311
6030
1864
7536
5450
7538
6267
2115
3043
7541
2750
6041
5415
1713
6505
4446
5353
6229
6552
4601
7305
6571
5951
1779
7951
709
5491
7143
1197
7209
6876
3628
7330
7609
1466
5522
3780
7748
5989
5629
6205
7585
7925
2130
6347
4859
6950
1708
2695
6531
2492
1550
4534
6354
2182
4932
4642
2273
2521
2266
1569
2432
5166
7531
4069
3567
5191
3807
5039
5185
4799
4596
5914
6177
6049
3274
7458
5596
3227
6551
5275
7550
3986
7095
554
5954
6192
2999
3459
6042
7463
1711
7682
3428
7799
4793
7249
6335
5573
5010
6758
6981
5135
7768
4490
4723
2437
5261
4735
7264
4276
2261
5771
3582
5379
3781
1408
7779
7618
6476
1415
2054
1770
5526
7035
4275
5882
6373
6974
3121
7642
4387
3899
7444
4109
7855
1852
6449
6553
2617
4707
2801
3792
7123
2382
2277
5657
3512
4717
4648
4795
6339
5355
5030
6961
2768
2647
7441
5303
2982
5608
3383
6302
6309
5846
6777
6748
5200
5797
1065
6759
3997
6691
4326
5051
3080
3576
6912
6286
4036
7309
4958
2348
7339
7792
1783
2258
4300
7224
7283
4491
4703
7680
4080
1720
7823
4367
7514
6038
7477
3366
2097
5540
7012
3414
4343
7195
4063
5257
5693
3291
4510
3522
5286
7113
4667
7312
7377
4767
1059
5066
2645
2673
5754
6316
7598
2051
6796
3835
2027
6953
7239
1543
4189
2189
3643
3557
3131
6611
3391
6155
3112
6870
2121
2799
6588
3269
6253
3200
5425
6810
3875
3110
5453
7323
7299
6022
6483
6827
7205
2021
5186
4406
2528
5625
7935
2459
4053
5553
2190
3214
5744
6149
3846
932
4210
3124
6925
1956
3964
5696
6074
2181
5909
3127
7009
3829
4741
4257
6361
6858
2739
7830
2377
7358
6844
7086
1477
7021
5610
6918
7262
4559
4698
6910
5447
5735
4852
6732
7120
3926
3556
5157
2443
6358
6142
5917
6029
4527
2100
4738
6172
869
7322
3922
5009
4508
4078
7394
5441
6387
1488
5333
4760
4175
3310
2995
7420
654
4064
3342
2989
6637
4835
3579
7549
4077
6707
1727
990
6306
1410
7859
656
2911
4691
7400
2591
5281
5033
7425
6086
5139
7036
