90
1629
1171
261
729
2025
1652
2486
683
907
2419
295
155
1316
1719
199
203
2062
2426
479
602
378
2715
1070
1022
1671
2344
2390
1647
2265
276
1361
506
2362
191
280
2753
2349
834
147
1229
240
220
1551
534
1874
1192
747
1402
2398
320
922
659
918
748
2760
898
681
2822
533
1937
798
549
1455
1550
1102
1535
1178
732
2065
1307
2793
2214
2748
341
544
143
102
2726
582
81
118
916
364
733
1008
2221
2075
396
10
2556
1661
586
2693
277
1816
1080
489
522
771
2310
2041
1183
1507
1004
1162
2412
2093
288
209
445
1173
207
637
1292
578
226
968
2859
1695
1836
340
2574
2885
2881
80
1265
399
1138
2395
2234
2256
856
108
2336
443
2719
1037
1895
2707
2230
1364
1960
2303
2364
1284
756
2608
2551
190
1995
966
736
629
1213
1122
217
1487
1946
1593
1891
2347
1323
1558
1261
1830
1613
591
1980
2246
826
1700
389
2366
1277
655
1220
623
669
1026
2812
600
1822
1809
467
1055
1748
1782
21
2182
153
2074
900
1466
1965
1396
1988
1844
1458
2323
812
1366
949
1005
543
1019
1707
235
1243
111
1258
722
1306
713
642
2272
1454
2917
1943
2509
150
1136
2341
2758
180
1280
607
1363
178
206
1152
1794
1161
2401
2036
175
312
2594
350
2126
1523
695
1972
1391
1966
128
466
2343
1763
581
346
2372
1839
604
490
1222
2875
816
1616
2356
1636
2816
2053
684
1674
649
1438
216
262
1679
2326
1381
715
1696
1713
1132
1246
2241
2239
1079
1398
1001
1940
1857
2403
1356
2006
980
797
31
1405
49
1906
1091
2537
2226
2587
2054
1947
994
1894
1581
1855
1524
215
2257
2756
376
2188
2308
1582
520
382
2314
1832
660
2219
271
663
5
41
2238
1924
800
1563
743
588
1544
1905
1291
2577
2676
2045
2876
1785
283
38
2059
2048
1733
1569
711
1147
1500
36
447
871
2302
2536
2725
330
2026
565
1016
2186
1513
1545
2247
1099
1457
55
212
492
780
2370
728
580
1838
334
2803
676
1722
2634
1877
1104
2598
1310
2325
1930
1202
1885
770
1017
2581
1779
2863
149
2012
343
1808
1403
1805
2311
227
1920
165
2578
768
2926
2285
2334
77
1737
2579
1952
1268
1188
1951
1818
2079
1342
2215
599
516
2951
2511
2786
1234
1998
584
1717
2823
2453
360
1672
2928
1590
1209
168
1072
13
193
1667
592
56
2855
109
156
1594
381
1090
1626
1350
2584
1433
2567
1534
482
2848
1992
319
507
430
956
260
2273
893
1983
1981
821
1681
314
1796
763
2301
2202
2350
2582
1126
1589
