2145
699
2359
365
265
181
1925
331
1845
1059
1167
40
2770
444
1098
184
1969
2128
2795
2384
2134
303
2380
523
1735
1422
1253
1869
468
1235
1556
1301
869
2203
267
723
2051
2655
2004
499
177
1651
386
2180
640
2007
1101
912
810
2056
1355
971
2276
2138
532
2941
2001
521
1137
2266
2593
2705
1149
814
301
2329
2481
957
144
1386
2790
1158
708
2161
2000
2009
730
367
1893
337
1418
811
106
2408
1586
2269
1100
513
1279
2523
1217
2394
622
97
412
2069
2670
2712
1369
23
1676
883
2544
1146
2179
1440
2752
1027
1866
2050
1116
1400
2686
2616
630
573
2589
192
2284
124
790
633
1530
969
2654
313
1239
1106
483
796
1145
936
2080
989
626
2799
2679
2946
1335
2642
2554
398
848
72
752
2393
48
2622
1383
888
2858
509
761
1712
1840
1024
223
253
2070
1164
67
1612
1948
186
205
414
1169
1339
2482
2673
670
2555
2857
2635
1686
1290
1163
1489
2938
1803
279
2852
1552
1506
2525
524
2043
1165
574
406
32
2724
2762
1428
2288
1956
2312
1778
2121
1039
96
875
2820
1919
877
1579
1054
37
45
255
1910
2231
344
1067
2621
2197
338
749
2480
2645
2281
1687
1588
110
1565
87
2522
139
1038
2022
2826
1958
671
2300
2806
2764
1370
361
2277
1379
794
2746
352
2957
1637
590
1577
464
1557
837
825
1014
514
2019
2305
2565
1321
923
158
1833
2255
299
469
1907
113
1720
569
1963
1776
664
1756
1207
2794
2775
2144
273
1170
947
2338
1716
2688
1653
259
2151
833
401
2528
1641
804
229
1375
857
2400
644
767
1752
26
1110
2299
1609
1795
14
2110
2240
2516
1519
603
2218
897
1804
1095
290
1143
1820
2711
1599
724
308
1846
257
1227
2575
2293
2391
1210
1764
2087
894
2513
1068
984
194
1898
2619
24
1865
2678
1510
2877
832
1828
1879
2732
1114
1931
1993
1902
678
2865
2631
750
2566
570
119
1187
824
1182
703
560
2936
1124
1761
2884
1730
542
1768
1800
195
1328
885
2878
404
1048
2131
1194
481
333
12
616
1584
1376
1267
1393
2939
719
358
2316
1917
46
1120
107
2067
439
540
2386
470
1646
992
2194
1226
1597
2640
562
1987
1117
2033
1378
1360
527
1901
1650
44
2815
2834
1064
1340
1412
238
480
362
1978
1172
171
2227
2271
413
2617
2713
366
1237
2745
831
862
2309
929
1501
1813
2155
1109
1295
1603
1480
576
1322
2216
1078
1437
1387
1704
2675
2399
1046
564
2781
1554
2044
1724
1077
298
1303
2747
329
20
76
2133
852
2353
1344
1130
68
