2299
9447
5415
10785
7973
8736
3474
10418
5636
10353
10790
5951
5418
10501
8053
6560
9409
7200
6968
7528
9319
12572
1772
8653
1648
11957
2455
13831
6983
13756
8900
9467
9131
6213
10756
8786
13342
6944
11685
6135
829
9667
13018
343
2920
1583
5457
3705
13249
6096
8038
8491
839
12015
7167
7724
11651
1798
5062
9687
5374
7866
5604
5590
12493
2765
8840
11529
9421
9448
13802
6951
6232
8966
8295
6561
7258
8343
974
13442
7963
4858
9785
1105
6592
2490
46
9914
8866
6407
9089
11751
8643
7462
13283
3820
6371
10152
6976
1552
7488
6831
2476
3033
9061
13535
11997
8351
5712
10359
5772
3528
9023
6264
4845
11833
13571
3192
9912
7554
3458
10528
9879
8724
4418
3339
9651
8552
7666
4742
9700
8253
10371
9874
6120
12792
13474
3378
1652
1054
8991
4145
8508
2336
826
5907
2957
11074
11350
9532
5132
13331
7814
4109
9478
12873
9699
1494
3749
8201
7526
7213
6136
6169
8630
5017
8663
7964
7619
5912
6564
9571
3735
9772
7267
212
5179
8765
12188
6322
2517
2286
8357
4675
7609
9244
8144
13582
4473
2983
9253
2401
11346
8180
9560
7843
8008
1100
4032
123
7566
7953
6731
2522
7692
9164
7875
8586
12198
9068
3367
10170
1182
1607
6784
11959
6727
105
3045
7063
6357
10384
809
13346
11148
6949
6016
9753
230
11428
7195
4926
8745
8929
7885
12252
8421
11979
5058
10471
8383
7387
6611
6635
8500
9743
3958
5063
6702
5727
5429
3549
7712
8270
356
6380
3614
9703
7786
7397
7772
11838
9723
1661
11009
9493
6830
820
9776
1909
7763
8983
6227
4497
10508
9750
9958
6243
2554
4863
7670
3598
5461
9611
7791
1159
3270
10056
9538
3711
6545
8593
9488
9586
7948
2795
8450
4500
7807
8024
8847
12132
9903
6872
9407
5273
12103
5157
10861
8842
2549
5093
6072
7457
5474
7269
6843
6351
7758
5944
5668
5288
7770
5849
141
7777
7502
4867
6800
1070
2558
6955
1635
6723
5295
4608
7453
7395
1747
860
12546
7977
7243
9757
12478
6080
7616
9197
3180
1450
7317
1079
4739
7674
8120
9497
9971
6857
1133
8441
6360
12451
8574
8000
4554
12022
4271
7164
2727
3353
4893
4399
4765
4860
9561
2791
8801
7018
13608
8126
9132
7542
6839
8955
9989
11401
5974
9059
286
3072
5631
4237
6477
7529
10032
5384
5066
7224
8982
365
7957
1557
2528
7896
9837
13467
4509
9458
7120
4744
3069
7464
2168
7421
8631
8222
2977
13073
8335
3046
279
8203
12031
8810
9379
2924
7981
4277
7388
8648
9901
9600
5753
4438
6315
8361
6644
8315
2559
4543
9484
12272
4205
8963
9570
5107
10020
9429
1597
5734
7793
9581
4785
764
9817
1918
9553
8266
4067
5260
4651
2011
10017
911
12876
6368
6578
280
5258
8111
6185
3172
8891
7480
8227
9634
5560
7286
4873
11797
9573
6353
11482
1555
13835
2702
7299
2176
5557
8744
9269
13045
5308
1928
6181
7621
7185
8843
4168
4771
6785
9876
12687
6936
7940
8784
9717
9314
8815
7321
6533
9891
13908
6352
8168
6174
3827
13364
5547
9472
5545
11400
5191
7158
10338
9316
5837
8123
8641
1554
8485
11531
112
10762
6829
8887
219
2202
6542
7169
6047
9444
9038
11014
8944
3054
5533
8951
8597
6724
6377
6114
13025
2255
2974
2155
9015
12473
793
12009
10196
9663
4108
13761
9473
3897
4474
6184
7857
6378
5986
8805
8962
1172
11177
6686
5057
3558
6892
5806
12561
10792
12098
1087
5525
13229
9099
8659
3299
11471
1919
8676
4905
9032
13371
9422
9455
12201
6986
4935
4274
975
12838
6474
7562
9078
4661
9305
8656
6013
8398
13068
1158
9325
10816
6075
9666
7911
4042
6943
4577
4766
6065
7664
8769
11132
8950
9027
7625
5394
9454
857
2453
2409
1670
1902
2410
8435
6802
8475
935
6964
4748
9710
5437
6858
13099
8939
9661
5350
7536
1150
11329
11161
3091
4888
7839
6767
6020
6832
4872
6851
7296
8042
7826
12638
828
2533
7620
5119
4803
4446
7854
6781
9318
5485
6965
8717
13824
12131
4915
12243
2980
5554
8543
8271
1171
10784
4560
5821
7660
3452
1585
5677
6489
1163
13909
8560
13006
10079
6011
2279
4478
6742
9877
9814
4562
3179
11005
8027
3893
6779
1658
7637
2269
9795
2560
6855
9951
4984
5176
5947
13551
10387
7801
4800
13509
7452
8110
8288
9003
10012
1660
5312
12555
3837
13869
7514
7870
8457
6816
9070
6908
4916
12684
137
3424
1947
2154
13548
9482
7147
12035
2179
4570
9481
6052
8551
8176
9807
5683
9236
7648
7789
221
12224
12164
7447
8853
8764
7497
4851
7913
10209
6372
1111
5592
12679
6570
6761
5563
8988
9889
7290
12995
6772
6594
8327
12693
9475
3417
9930
12317
4536
13584
7287
6071
6733
5995
7661
10360
1629
1867
10018
8045
6296
7047
2567
10185
5829
5627
5207
13148
6589
3371
8104
5297
7124
3889
5911
3810
5262
5453
5193
6562
282
9778
1897
7219
257
8190
10485
7782
491
1569
6385
6142
4971
10051
12203
9825
6127
4238
12288
898
9843
7311
9921
871
12308
10369
2424
8112
3552
6573
13688
7797
9887
12556
3283
1151
6763
8313
7304
770
13041
7550
9240
2267
12048
903
8496
2774
6069
8584
8200
8443
9474
4429
5298
5628
11360
10686
9883
9489
9812
6475
6620
13692
8661
11523
9567
6954
12206
1913
107
4395
10192
7802
192
9589
8152
5578
4934
13845
6248
6870
13886
7291
4433
5822
6571
12251
6676
7088
9647
9906
6853
11823
5789
8558
9846
10039
1103
6496
8331
9010
6627
9861
13112
11340
7461
11015
10866
8339
13321
9171
7322
9934
8997
6760
4836
5439
4206
3738
7947
2524
11308
7094
13597
5544
5178
8133
9504
7521
12296
13919
4166
13035
11983
5509
6900
4043
5997
4193
9388
10468
683
9329
6648
4797
4993
6922
5999
9890
13114
8820
7449
13390
7314
12166
8198
687
352
8644
13246
2942
8332
7987
2160
1761
790
4044
5035
8869
9425
10744
13566
1038
982
8980
1775
5284
6224
7771
945
11082
9189
1591
7073
3879
6326
13338
12104
3597
7193
13305
47
3742
9641
104
7335
1603
12965
807
2941
4769
8488
9276
8302
10865
7811
503
9229
5841
7593
12024
5315
7490
8522
9230
6566
9170
694
8430
12220
4453
7888
5994
9432
2961
13016
5133
9304
9165
7093
8125
3477
7881
3880
5781
6865
3553
6808
7364
4015
2797
5933
5928
5471
7350
111
7023
841
6214
9505
2206
8570
10473
6180
12472
13640
5475
5678
13352
11790
5281
9784
9486
7741
7078
3826
12840
13829
5673
6179
8808
5431
2589
8750
10356
8363
4593
7188
9411
13004
6246
7655
13839
12027
7069
10168
13672
8359
8329
7606
5940
12479
3743
6092
1574
6137
8121
6948
6319
8731
10788
6639
11086
2246
8711
8850
2344
3578
6479
8455
7715
8103
13540
5642
8296
13094
8352
11784
9018
4715
7667
12072
778
5958
10853
13914
7740
6658
6739
5407
6373
1102
4883
7202
9451
8177
12659
9047
8245
6848
5451
7390
7496
6649
6386
8268
11415
8293
9485
8135
11320
3589
6746
5504
9563
4186
2162
9138
6200
3722
9678
9332
4855
5967
6885
6375
8859
2552
7688
2921
3739
242
13722
8402
7565
2149
8463
2397
5065
6086
9660
3719
7563
9779
265
8976
11977
103
2271
9066
8809
1926
1896
9873
8773
2945
9764
4987
9289
3387
9966
5799
695
8553
11486
7901
6810
9213
7945
6614
5479
2726
10027
5149
12614
12681
5499
5768
9053
7891
13392
3340
8789
7862
9037
4816
5493
5653
484
9537
13195
96
7071
10000
